1 1 10001 10001
9383 9383 886 886 -1 -1
2777 2777 6915 6915 -1 -1
7793 7793 8335 8335 -1 -1
5386 5386 492 492 -1 -1
6649 6649 1421 1421 -1 -1
2362 2362 27 27 -1 -1
8690 8690 59 59 -1 -1
7763 7763 3926 3926 -1 -1
540 540 3426 3426 -1 -1
9172 9172 5736 5736 -1 -1
5211 5211 5368 5368 -1 -1
2567 2567 6429 6429 -1 -1
5782 5782 1530 1530 -1 -1
2862 2862 5123 5123 -1 -1
4067 4067 3135 3135 -1 -1
3929 3929 9802 9802 -1 -1
4022 4022 3058 3058 -1 -1
3069 3069 8167 8167 -1 -1
1393 1393 8456 8456 -1 -1
5011 5011 8042 8042 -1 -1
6229 6229 7373 7373 -1 -1
4421 4421 4919 4919 -1 -1
3784 3784 8537 8537 -1 -1
5198 5198 4324 4324 -1 -1
8315 8315 4370 4370 -1 -1
6413 6413 3526 3526 -1 -1
6091 6091 8980 8980 -1 -1
9956 9956 1873 1873 -1 -1
6862 6862 9170 9170 -1 -1
6996 6996 7281 7281 -1 -1
2305 2305 925 925 -1 -1
7084 7084 6327 6327 -1 -1
336 336 6505 6505 -1 -1
846 846 1729 1729 -1 -1
1313 1313 5857 5857 -1 -1
6124 6124 3895 3895 -1 -1
9582 9582 545 545 -1 -1
8814 8814 3367 3367 -1 -1
5434 5434 364 364 -1 -1
4043 4043 3750 3750 -1 -1
1087 1087 6808 6808 -1 -1
7276 7276 7178 7178 -1 -1
5788 5788 3584 3584 -1 -1
5403 5403 2651 2651 -1 -1
2754 2754 2399 2399 -1 -1
9932 9932 5060 5060 -1 -1
9676 9676 3368 3368 -1 -1
7739 7739 12 12 -1 -1
6226 6226 8586 8586 -1 -1
8094 8094 7539 7539 -1 -1
795 795 570 570 -1 -1
1434 1434 378 378 -1 -1
7467 7467 6601 6601 -1 -1
97 97 2902 2902 -1 -1
3317 3317 492 492 -1 -1
6652 6652 756 756 -1 -1
7301 7301 280 280 -1 -1
4286 4286 9441 9441 -1 -1
3865 3865 9689 9689 -1 -1
8444 8444 6619 6619 -1 -1
8440 8440 4729 4729 -1 -1
8031 8031 8117 8117 -1 -1
8097 8097 5771 5771 -1 -1
4481 4481 675 675 -1 -1
709 709 8927 8927 -1 -1
4567 4567 7856 7856 -1 -1
9497 9497 2353 2353 -1 -1
4586 4586 6965 6965 -1 -1
5306 5306 4683 4683 -1 -1
6219 6219 8624 8624 -1 -1
1528 1528 2871 2871 -1 -1
5732 5732 8829 8829 -1 -1
9503 9503 19 19 -1 -1
8270 8270 3368 3368 -1 -1
9708 9708 6715 6715 -1 -1
6340 6340 8149 8149 -1 -1
7796 7796 723 723 -1 -1
2618 2618 2245 2245 -1 -1
2846 2846 3451 3451 -1 -1
2921 2921 3555 3555 -1 -1
2379 2379 7488 7488 -1 -1
7764 7764 8228 8228 -1 -1
9841 9841 2350 2350 -1 -1
5193 5193 1500 1500 -1 -1
7034 7034 7764 7764 -1 -1
124 124 4914 4914 -1 -1
6987 6987 5856 5856 -1 -1
3743 3743 6491 6491 -1 -1
2227 2227 8365 8365 -1 -1
9859 9859 1936 1936 -1 -1
1432 1432 2551 2551 -1 -1
6437 6437 9228 9228 -1 -1
3275 3275 5407 5407 -1 -1
1474 1474 6121 6121 -1 -1
8858 8858 4395 4395 -1 -1
6029 6029 1237 1237 -1 -1
8235 8235 3793 3793 -1 -1
5818 5818 4428 4428 -1 -1
6143 6143 1011 1011 -1 -1
5928 5928 9529 9529 -1 -1
