1 1 10001 10001
9383 9389 2777 2782 -1 -1
7793 7798 5386 5388 -1 -1
6649 6650 2362 2369 -1 -1
8690 8699 7763 7769 -1 -1
540 546 9172 9178 -1 -1
5211 5219 2567 2576 -1 -1
5782 5782 2862 2865 -1 -1
4067 4072 3929 3931 -1 -1
4022 4030 3069 3076 -1 -1
1393 1399 5011 5013 -1 -1
6229 6232 4421 4430 -1 -1
3784 3791 5198 5202 -1 -1
8315 8315 6413 6419 -1 -1
6091 6091 9956 9959 -1 -1
6862 6862 6996 6997 -1 -1
2305 2310 7084 7091 -1 -1
336 341 846 855 -1 -1
1313 1320 6124 6129 -1 -1
9582 9587 8814 8821 -1 -1
5434 5438 4043 4043 -1 -1
1087 1095 7276 7284 -1 -1
5788 5792 5403 5404 -1 -1
2754 2763 9932 9932 -1 -1
9676 9684 7739 7741 -1 -1
6226 6232 8094 8103 -1 -1
795 795 1434 1442 -1 -1
7467 7468 97 99 -1 -1
3317 3319 6652 6658 -1 -1
7301 7301 4286 4287 -1 -1
3865 3874 8444 8453 -1 -1
8440 8449 8031 8038 -1 -1
8097 8098 4481 4486 -1 -1
709 716 4567 4573 -1 -1
9497 9500 4586 4591 -1 -1
5306 5309 6219 6223 -1 -1
1528 1529 5732 5741 -1 -1
9503 9512 8270 8278 -1 -1
9708 9713 6340 6349 -1 -1
7796 7799 2618 2623 -1 -1
2846 2847 2921 2926 -1 -1
2379 2387 7764 7772 -1 -1
9841 9841 5193 5193 -1 -1
7034 7038 124 128 -1 -1
6987 6993 3743 3744 -1 -1
2227 2232 9859 9865 -1 -1
1432 1433 6437 6445 -1 -1
3275 3282 1474 1475 -1 -1
8858 8863 6029 6036 -1 -1
8235 8238 5818 5826 -1 -1
6143 6144 5928 5937 -1 -1
8776 8780 4443 4446 -1 -1
4613 4621 8606 8606 -1 -1
2904 2912 5128 5136 -1 -1
7369 7376 9917 9923 -1 -1
3324 3327 9470 9473 -1 -1
8490 8499 9772 9777 -1 -1
5644 5644 7505 7514 -1 -1
2954 2960 7669 7671 -1 -1
8542 8546 197 204 -1 -1
9355 9359 6348 6349 -1 -1
3622 3630 9299 9302 -1 -1
5746 5754 4340 4342 -1 -1
3311 3311 7605 7606 -1 -1
5661 5661 4878 4883 -1 -1
9320 9326 9444 9450 -1 -1
8522 8527 6708 6714 -1 -1
8282 8290 2924 2931 -1 -1
2062 2066 2600 2606 -1 -1
3452 3461 9379 9379 -1 -1
7468 7469 973 974 -1 -1
3881 3881 8933 8937 -1 -1
8660 8663 7199 7200 -1 -1
8899 8905 2959 2962 -1 -1
2813 2821 7190 7195 -1 -1
2926 2932 5084 5084 -1 -1
2090 2094 3376 3378 -1 -1
5936 5943 7445 7451 -1 -1
9179 9187 6887 6889 -1 -1
3348 3350 1659 1668 -1 -1
2336 2336 6342 6349 -1 -1
8206 8207 7713 7715 -1 -1
5321 5326 4819 4828 -1 -1
7721 7725 5939 5940 -1 -1
3940 3947 1705 1713 -1 -1
1127 1127 5984 5992 -1 -1
3920 3924 2422 2431 -1 -1
1396 1397 5630 5634 -1 -1
9292 9294 7672 7672 -1 -1
7625 7630 1222 1231 -1 -1
6640 6642 3898 3901 -1 -1
2298 2298 524 524 -1 -1
8209 8210 8819 8825 -1 -1
7732 7737 5994 5998 -1 -1
379 388 5273 5279 -1 -1
8850 8855 1860 1862 -1 -1
5579 5583 1993 1998 -1 -1
7621 7628 2504 2507 -1 -1
1961 1965 1326 1335 -1 -1
8944 8946 3202 3208 -1 -1
6784 6785 2842 2850 -1 -1
