1 1 10001 10001
9383 10269 2777 1692 -1 -1
7793 8128 5386 3878 -1 -1
6649 6070 2362 2389 -1 -1
8690 6749 7763 7689 -1 -1
540 1966 9172 10908 -1 -1
5211 6579 2567 996 -1 -1
5782 5312 2862 1985 -1 -1
4067 5202 3929 5731 -1 -1
4022 5080 3069 3236 -1 -1
1393 1849 5011 5053 -1 -1
6229 5602 4421 3340 -1 -1
3784 4321 5198 5522 -1 -1
8315 6685 6413 7939 -1 -1
6091 5071 9956 9829 -1 -1
6862 8032 6996 6277 -1 -1
2305 1230 7084 5411 -1 -1
336 841 846 575 -1 -1
1313 1170 6124 6019 -1 -1
9582 8127 8814 8181 -1 -1
5434 5798 4043 3793 -1 -1
1087 1895 7276 8454 -1 -1
5788 5372 5403 6054 -1 -1
2754 1153 9932 10992 -1 -1
9676 9044 7739 7751 -1 -1
6226 6812 8094 7633 -1 -1
795 -635 1434 -188 -1 -1
7467 8068 97 -1001 -1 -1
3317 3809 6652 5408 -1 -1
7301 5581 4286 3727 -1 -1
3865 3554 8444 9063 -1 -1
8440 7169 8031 6148 -1 -1
8097 7868 4481 5156 -1 -1
709 1636 4567 4423 -1 -1
9497 7850 4586 3551 -1 -1
5306 3989 6219 4843 -1 -1
1528 399 5732 4561 -1 -1
9503 9522 8270 9638 -1 -1
9708 10423 6340 6489 -1 -1
7796 6519 2618 2863 -1 -1
2846 2297 2921 4476 -1 -1
2379 1867 7764 5992 -1 -1
9841 8191 5193 4693 -1 -1
7034 8798 124 -962 -1 -1
6987 8843 3743 4234 -1 -1
2227 592 9859 9795 -1 -1
1432 -17 6437 7665 -1 -1
3275 4682 1474 -405 -1 -1
8858 9253 6029 5266 -1 -1
8235 8028 5818 6246 -1 -1
6143 7154 5928 7457 -1 -1
8776 9180 4443 6206 -1 -1
4613 5151 8606 7446 -1 -1
2904 1722 5128 5816 -1 -1
7369 9286 9917 10913 -1 -1
3324 5067 9470 7653 -1 -1
8490 9989 9772 10497 -1 -1
5644 7234 7505 5644 -1 -1
2954 2740 7669 7751 -1 -1
8542 7006 197 1704 -1 -1
9355 8159 6348 6959 -1 -1
3622 5450 9299 10642 -1 -1
5746 7314 4340 5762 -1 -1
3311 3121 7605 7406 -1 -1
5661 5391 4878 6183 -1 -1
9320 10056 9444 8070 -1 -1
8522 9987 6708 6124 -1 -1
8282 7540 2924 4561 -1 -1
2062 1686 2600 636 -1 -1
3452 5351 9379 8929 -1 -1
7468 7539 973 2104 -1 -1
3881 2811 8933 8827 -1 -1
8660 8823 7199 9180 -1 -1
8899 7895 2959 2732 -1 -1
2813 4481 7190 6285 -1 -1
2926 1392 5084 6424 -1 -1
2090 3774 3376 4918 -1 -1
5936 7043 7445 9201 -1 -1
9179 9597 6887 6299 -1 -1
3348 1520 1659 1668 -1 -1
2336 1546 6342 7929 -1 -1
8206 9507 7713 9085 -1 -1
5321 4576 4819 3418 -1 -1
7721 7625 5939 7750 -1 -1
3940 5607 1705 1933 -1 -1
1127 277 5984 4642 -1 -1
3920 3144 2422 3691 -1 -1
1396 1477 5630 3714 -1 -1
9292 11264 7672 7522 -1 -1
7625 7010 1222 2521 -1 -1
6640 6682 3898 2611 -1 -1
2298 488 524 1114 -1 -1
8209 6790 8819 10155 -1 -1
7732 8887 5994 5998 -1 -1
379 1148 5273 5049 -1 -1
8850 10105 1860 2 -1 -1
5579 5463 1993 3198 -1 -1
7621 9188 2504 3117 -1 -1
1961 2715 1326 1585 -1 -1
8944 7146 3202 4708 -1 -1
6784 6805 2842 3710 -1 -1
