200
57
491
61
438
54
491
103
381
304
490
346
394
327
128
363
369
51
412
432
456
304
177
473
183
193
180
147
75
351
150
346
57
235
274
147
143
250
125
287
311
371
15
144
25
379
80
296
218
262
423
1
30
97
358
19
396
383
295
133
113
103
329
278
167
496
317
385
420
316
331
456
296
436
384
176
25
295
274
161
139
236
70
283
411
290
224
13
208
239
15
350
441
389
53
244
407
440
19
72
346
452
54
102
284
493
349
363
52
168
4
494
420
167
259
180
436
418
48
466
25
177
107
212
221
265
488
415
482
336
491
444
130
269
253
143
323
111
361
219
73
381
329
346
491
298
382
284
30
133
311
192
240
335
392
432
22
289
82
320
200
80
354
495
194
123
477
362
456
357
97
314
134
162
492
170
474
461
117
82
147
360
44
249
105
167
108
168
43
80
260
127
172
354
275
413
189
439
215
209
384
