200
249
447
435
336
15
123
16
496
488
37
332
308
379
153
490
34
449
31
66
105
156
282
431
292
121
69
440
264
116
427
360
204
166
45
398
165
3
294
189
438
122
359
138
281
104
142
496
463
385
325
328
147
56
494
88
129
218
9
214
262
127
474
83
267
39
385
186
64
76
270
268
175
315
101
249
348
291
423
241
32
316
269
27
43
309
263
389
481
345
367
46
226
95
158
328
479
376
43
143
6
399
107
466
98
248
198
178
149
456
311
12
492
126
205
192
493
272
416
287
233
304
455
157
276
276
176
475
253
186
484
83
27
17
467
158
111
431
461
498
148
123
47
183
331
105
140
82
49
270
169
29
326
281
362
390
414
395
499
251
464
36
259
124
91
110
91
203
304
149
205
112
271
415
223
93
128
307
133
191
207
408
345
383
239
109
421
110
363
369
13
360
223
13
244
204
328
138
433
94
272
