200
415
319
447
221
157
496
19
27
246
20
389
71
317
386
121
160
312
422
144
294
298
484
39
344
439
29
445
442
77
422
314
477
303
146
402
260
198
109
101
12
310
117
196
305
1
326
353
473
4
132
203
117
240
334
210
185
107
46
294
478
52
411
188
234
478
365
279
217
162
446
426
266
53
89
83
190
446
162
291
201
380
479
448
322
21
381
276
18
208
203
275
248
416
252
43
203
355
151
245
44
39
28
38
7
448
246
215
36
325
309
316
279
145
120
186
225
141
355
316
114
412
356
5
384
432
224
167
467
241
33
154
239
120
334
15
265
287
398
267
255
161
424
195
426
331
418
83
411
90
255
413
351
81
238
33
424
383
283
420
92
242
316
392
15
328
372
143
327
155
248
443
463
113
366
45
376
238
60
305
296
271
256
394
355
470
79
299
476
30
65
2
43
305
267
151
195
266
236
329
179
