200
897
219
838
277
579
454
35
713
126
211
931
231
975
300
550
902
207
663
465
754
49
715
523
954
87
254
150
171
377
151
329
629
545
234
478
390
99
414
476
663
691
579
112
950
396
863
830
564
138
928
321
327
872
970
491
388
800
953
616
807
257
359
418
523
756
525
288
739
582
81
828
708
117
589
797
808
293
623
824
263
603
451
259
791
688
367
315
360
778
830
909
947
764
983
526
328
285
791
437
680
252
99
400
872
958
266
423
29
189
270
473
124
652
474
412
449
382
148
760
544
764
480
107
757
103
969
205
93
329
148
715
920
158
823
92
984
609
137
734
611
113
418
268
304
961
736
683
182
879
963
923
898
384
1000
751
625
239
749
681
815
729
49
406
39
385
421
365
220
941
407
244
298
242
450
468
953
462
640
271
205
891
215
943
363
355
718
122
640
949
622
763
937
558
802
837
534
782
787
30
923
