200
444
340
148
1416
656
1098
1303
672
1822
1002
1802
1977
976
19
515
1875
313
842
261
671
1395
1498
319
267
1438
787
1090
225
277
1836
500
1562
1908
814
211
215
1470
1075
41
526
1061
1807
865
1087
24
758
578
717
1792
1249
1267
1489
237
1341
920
23
626
145
1041
1156
1875
936
240
1903
1381
1566
1203
1519
1347
649
1615
780
1128
1626
1183
423
707
1995
397
1176
482
493
1697
1316
158
1595
614
94
1777
1285
1169
1623
1738
350
822
1921
1057
252
108
1593
592
1084
1942
548
1328
1660
503
244
1230
1039
408
1202
335
53
1628
1303
964
1956
1995
625
1681
1305
824
735
1126
1415
1724
262
1203
1965
35
577
607
1996
710
1024
1117
1087
1535
1548
1726
751
1418
496
739
765
1265
1338
16
196
1429
512
879
900
420
594
624
1543
529
1494
469
1636
722
555
329
448
473
636
858
428
1139
824
1184
271
1033
1643
14
693
779
595
1378
433
1122
1957
1860
732
444
1264
951
1113
1272
1857
135
1726
649
308
1960
1429
1824
428
