500
17381
1743
18065
260
16844
1287
18265
12745
17735
11377
13314
19190
8292
19099
9402
19179
6042
18279
19614
17651
6059
17594
1141
11680
15851
9574
2338
16603
18404
8876
5280
16381
12267
8894
1700
13035
633
15370
12121
13636
8395
6530
5779
4554
6468
17827
16405
12762
3250
13853
15325
17923
10567
9383
15016
4172
16386
4053
6744
12644
4298
5016
13479
6307
1374
14753
275
5662
3093
16072
17283
9191
2918
10224
14426
8547
6910
19356
4000
15795
16039
6357
6701
19865
7741
16242
14212
12819
11264
4316
15991
7528
14757
16664
7320
17439
15660
16403
2487
9809
13962
14125
15958
794
6844
1574
592
13768
8453
7991
19489
8878
9356
16042
12050
14102
16966
18116
13324
15983
4259
6885
4881
14029
826
13216
9341
146
18554
820
9745
1409
7612
7109
14202
11868
1157
2998
5855
7367
16437
19221
18501
1864
11813
19998
16190
14823
13862
11374
2276
11904
1621
10854
9810
2688
7576
10103
19821
19269
6621
17965
1974
16124
12982
14920
18834
3344
3766
12820
1194
4245
17518
17815
2290
15012
17240
18568
17623
3866
16580
12929
5417
4820
2140
12767
19663
15244
14185
13691
4998
4540
2196
5149
19411
9425
16424
9548
13643
11928
916
3138
18117
17051
16783
6715
6680
17733
16755
9906
9391
11702
18227
6120
7606
7286
15279
10238
5947
15427
9021
2628
19161
2867
12996
7420
17356
6703
12123
18310
7018
7980
2685
3852
6396
15618
9528
8105
15531
9293
798
15020
17690
8646
126
6601
1645
17048
10868
10563
13309
17857
3417
11542
19265
3957
6271
3720
11777
1095
16027
15423
17335
16334
12887
9100
7133
1082
11319
4798
15532
4915
12986
13129
9036
18065
5030
17708
1907
13029
3827
4858
12789
13094
6768
10505
16396
10966
18180
5773
4006
5305
10530
5370
14086
514
13837
7320
16289
17916
7778
7342
13737
6220
10241
7008
10787
632
452
6993
7209
7333
1514
17682
11293
14339
12465
3637
4688
19325
17676
13414
4332
14092
12278
17489
12499
19730
6816
13654
7062
17840
14958
4185
16569
6568
1149
16856
4494
17694
12407
8361
4769
1747
12850
1390
12741
8312
15165
6186
8174
12735
6256
18245
2603
14796
10045
3074
4255
18822
4523
19826
16465
405
16780
1053
12107
841
5859
935
16108
11331
13995
8218
13956
548
12039
8754
4674
8109
2205
6224
7417
4748
10913
9199
4866
1386
19697
14099
1594
2740
12569
19977
17049
19924
12977
14795
12443
8057
8662
5455
17127
10236
16505
19574
15146
12987
1916
18529
7774
14103
14329
16343
12691
3811
271
14796
236
1658
173
8553
7725
4218
5409
16690
5431
544
18555
11003
13735
892
17329
17504
10542
13109
11131
13983
424
4691
13873
17758
18066
16353
8554
4295
5188
4967
19302
5250
14658
3396
8328
15966
721
19350
14299
2235
3467
11886
12663
3567
10186
14614
2729
16892
17907
2133
11502
2557
11602
17270
7308
8629
9763
5599
8536
14280
9207
2161
262
7523
7000
14923
9009
12076
12631
5945
8204
1584
5998
4362
17117
5025
3651
10652
16549
7913
12480
7899
