1000
2239
11870
5684
4298
10870
16143
10266
11432
12464
17387
1299
19743
912
12362
9210
10619
15767
13267
581
7604
11334
8218
10455
30
4975
9848
7769
18353
12930
16552
4306
4972
14102
10756
16222
7443
4882
5895
11330
2655
18029
17127
6663
3616
680
11717
19698
9524
12253
6434
1383
4365
13193
12133
5833
679
14693
4286
8055
14701
2806
390
10362
12541
2728
12099
2118
5011
9644
8301
3845
4627
16573
18980
14741
11176
11731
7344
14118
12109
2436
19202
6488
10605
6382
3392
13554
14473
6929
14195
161
12962
12231
15745
15569
4539
4741
6328
14623
13125
15269
8537
16010
653
3314
16406
7874
1307
17749
10107
16985
9181
9858
14264
11685
18323
14028
12950
4092
1585
12667
4245
1404
10004
15622
10428
3011
18173
6289
11528
6443
13380
10417
7589
1191
6701
14934
10451
15231
16181
12735
14655
16876
18373
17950
11078
8770
14306
3183
17581
9839
7934
19792
535
16684
14086
3231
18717
5860
7381
9322
10851
16113
2616
11483
1885
6302
370
6241
879
19478
3377
5617
341
12265
3453
1438
4033
10712
13309
13230
15199
1599
16211
10384
10919
5348
7590
19073
12513
4675
11874
5939
1348
6494
16728
19456
19714
7287
13542
247
18354
15677
3503
19972
4053
10141
5881
13902
1405
6223
8531
3685
248
19989
6632
15659
14368
13310
19815
7939
16792
3070
11592
312
11872
11902
12121
15329
6761
5257
18346
12730
7041
7809
6669
5127
18036
10201
10882
19398
8744
6783
4855
8728
6150
2630
3802
447
7383
19444
19440
12853
14052
16158
13815
17923
7749
14821
2966
12775
14232
15722
17518
19910
6047
13428
14978
562
8218
8996
9785
11056
1178
12610
16008
7860
6545
18992
10191
15845
9135
15554
5329
4444
11443
18735
6708
6092
7732
4106
2927
13967
5753
18281
2113
11674
16618
17837
13341
16644
2406
5836
7672
12744
2335
4377
7553
11476
4903
13469
4379
12410
9426
10798
1079
11514
15338
17377
15091
16345
17601
19308
2466
11470
6919
19830
15911
899
5915
18072
9048
7310
10239
7158
8412
19889
15061
19865
7475
1423
7950
15609
11949
11572
12432
9538
19297
5946
17423
18848
3847
19170
8847
18079
12557
4870
7797
5158
5825
15124
17192
1613
6502
6865
17882
3776
4957
18978
14996
2851
1080
12338
16978
12392
2445
13980
19782
952
10111
2441
10688
15603
9492
4555
15431
15660
559
2768
17512
17447
16301
3605
16239
19448
4054
16127
5545
4379
14096
6094
12482
141
13824
10259
6261
14571
9437
11888
19640
11390
6627
897
10980
15297
847
4624
14235
16833
1234
8537
15405
10792
5990
6408
10190
17870
441
19964
19966
7623
2782
12599
13521
3067
2948
1930
2044
10008
14109
8706
19910
14565
2554
9358
14284
7361
19623
17853
12616
9882
19905
3375
7817
12031
8555
10051
7708
14308
3429
2532
8799
7407
6516
12126
2172
9942
13268
715
11530
18053
5785
6005
10371
14990
15840
4295
12956
10903
7255
14439
4218
16
324
8427
10869
12560
188
12433
16383
9923
7022
3910
2528
4505
4562
17679
7717
4647
2136
9452
4364
13396
2635
9867
5757
11843
9757
4199
13344
5405
6288
6788
7131
3113
13666
9797
18149
16766
14686
8450
1055
14112
3162
3975
14526
19819
16930
19258
482
9717
3113
5295
5358
9511
18760
9841
9500
6474
14731
10960
18893
10477
3367
4480
5003
18097
1559
4700
5305
10464
3588
15763
10437
8694
7758
11508
3052
11947
1169
18425
3789
9647
5417
10384
700
18487
16248
7489
18879
7965
11780
4724
6580
3256
4666
9900
776
10739
4995
11509
4084
16683
986
8645
7764
17148
1839
16158
4695
8182
8456
6068
10621
8881
19984
8198
6934
16985
4584
16148
18023
17347
9687
986
12661
1674
6886
16688
17676
14769
5816
14984
16179
13348
4158
14701
10652
2012
1484
12730
1894
1828
14167
754
18729
7478
6295
14779
2205
8584
7668
10748
9393
9313
2956
18059
12076
13833
16957
6483
6537
12898
46
10515
9798
376
19183
12689
7486
7426
11392
1299
10551
689
1627
8325
7925
13873
6374
3924
8584
3829
18341
12263
17293
13114
12778
1096
4164
5733
15512
3165
8747
13425
4780
8574
1222
15465
8605
787
801
4815
19445
6117
7443
11469
1163
12797
7624
1184
6251
10170
6793
17638
3625
2772
4146
9071
15320
6167
2043
8827
2441
15047
19872
18950
19874
19057
4403
11662
8596
659
15047
1052
7116
3472
11287
15449
12593
14561
6316
10425
466
2140
13655
18293
14386
3795
2060
6837
8492
17850
15240
10877
11676
12774
10007
6479
15969
6017
4111
3676
14801
675
15681
15997
16323
14840
2269
16199
12846
7500
8668
14323
8793
12041
10157
9287
2319
5491
5761
14758
833
3646
7321
17601
11170
7375
6797
7182
573
7351
3631
16245
17726
17692
19471
16205
4412
11662
19339
11163
332
7521
17722
16225
19597
8360
18928
12657
1095
6482
15886
735
18792
7790
6807
18875
3160
2163
18419
14086
11395
19503
4488
19760
4536
4750
2448
11076
10205
1138
7390
9352
3924
13149
2276
3566
370
5152
7045
14638
5200
8407
17430
10078
12510
9327
12370
6444
14383
19606
12639
3862
16831
5605
15287
16564
15313
1032
16523
2663
11075
5651
3703
7525
9528
1947
16945
8867
7526
15093
18411
1475
19679
8250
3133
16863
7003
13634
17809
16229
3276
11895
4406
5928
17144
7536
4775
14369
2320
645
11354
6830
10042
11397
3370
1617
14868
2700
15017
9605
2332
4807
7126
16652
2003
10099
592
12068
8373
5488
9152
5180
15083
17408
19214
3394
5324
16214
15041
12881
18943
15293
19036
2108
7088
10511
15790
15130
14721
6387
12061
5277
6403
19434
15569
2251
14301
19039
12551
16047
6497
7729
12012
1106
17625
2294
993
3656
19253
11907
15976
12818
10424
18410
9040
12305
9615
18165
5880
2365
13512
19273
5014
9684
13462
3404
773
9278
5141
253
11931
15735
7604
19091
10053
16094
2404
17568
16260
11104
15893
7091
5497
6066
17497
19929
16848
19856
1453
4728
5325
13685
10806
11161
3018
6543
13760
10953
19226
18976
9111
10614
18460
16242
13975
81
9320
15930
2376
7716
18460
15380
12486
13299
4677
9747
7893
