2000
1862
5336
16085
13637
9171
8354
9771
2119
5861
16723
12515
13180
19934
14688
8351
8827
14583
12447
16238
11921
7361
10430
15164
12770
19454
15367
10482
13637
5011
3708
14102
636
15045
5745
329
13767
4574
13724
16113
8115
3899
8088
8060
12185
13507
8763
14563
10837
19551
9782
3322
1222
11214
12016
13139
1879
16401
16333
18846
5612
13764
5659
15990
7330
13764
12929
12766
8271
16796
6097
11647
14635
5648
348
8788
4544
6380
3138
3802
54
1959
1899
3283
5503
14782
1022
17155
13498
5915
14941
10107
5108
10352
19200
6560
2055
14698
6508
14436
9788
165
5100
5572
4915
5604
17322
5171
3030
16067
12430
4571
10854
15736
2994
17849
13001
8097
7662
5523
1542
1620
14322
11633
1803
15916
1388
18665
13743
10358
6914
2998
2759
19513
9667
11875
5490
15656
8096
8454
10099
9461
6181
14804
14766
19226
1181
806
6593
14074
4482
10240
15842
13590
13898
8702
11669
19122
15239
1758
17558
14723
18807
5084
9999
13605
3369
18977
19114
4163
12469
1085
13941
12008
443
6933
16590
16923
1831
3818
12874
1584
19041
2696
1017
3420
11349
18888
10608
3787
232
8099
1814
406
6123
13907
15131
1629
8973
6961
10075
16633
10860
19549
18232
10450
3402
12909
10895
13684
4205
2279
1649
11031
7138
9271
19574
4530
2828
18718
18880
10727
18517
9130
19075
6762
18708
8141
16302
8520
13637
12268
1881
18840
17434
4826
1408
6026
5937
2964
547
1403
17771
17559
6786
2408
18802
10061
11387
8632
15543
16995
4967
18931
16838
19674
9294
5852
10082
10919
15393
10348
3592
19258
14641
13632
6398
15613
12962
5477
3568
12260
16310
560
13892
13873
2169
5579
18262
17717
8274
16967
10833
3931
5348
15437
4025
16526
2942
7091
5905
17347
12452
18252
17463
9185
14984
2239
13609
6643
13925
19822
3280
19640
17195
12195
18197
17467
18789
4315
12479
9032
9505
7950
19512
5883
3872
13345
12673
1645
6691
77
19209
13733
13476
19915
1401
2988
19327
6238
14299
8465
10105
17228
6659
7220
11467
6894
16420
15928
15870
9827
4773
19573
4713
6282
12606
6227
17230
18656
19889
15358
5398
14488
1711
14262
7560
15537
11491
7594
2480
5755
8080
15855
1119
16290
1062
18737
16541
16330
2295
11059
10875
17387
526
19055
10605
9862
7520
17316
5125
2513
16014
2802
1238
985
11329
10508
15010
4787
4014
713
11178
9144
15488
7536
594
10660
19267
8439
2150
12299
18798
7652
6648
7611
1060
13476
16805
6631
17987
17636
19569
4180
4487
15141
19815
3405
12060
11375
12745
247
14819
18957
15980
10594
13754
6173
2368
10602
5421
12135
12557
17580
271
8020
5182
15643
11510
18042
50
7904
15694
3352
8866
18054
6660
7249
12272
4809
8486
10922
18260
2985
6644
11747
8471
2188
14645
11155
7337
3353
4639
1972
894
10262
14085
12051
13663
15756
18694
3356
12608
16287
14574
11159
1694
7901
3366
19495
317
395
11691
11391
7796
7924
5585
18289
16446
6032
17335
13294
6983
393
17174
10560
13894
6652
6421
2017
6608
15695
12711
13011
4752
7272
1883
18080
12964
1139
5788
3381
4051
1222
9988
14344
1498
1552
4363
3016
10209
2030
14134
4002
11137
13970
6670
2348
4219
1421
3078
11535
19295
775
4097
17716
8194
10215
12551
10031
16754
18486
8427
5626
9412
16681
2805
6507
2823
3875
10850
8912
15059
6482
18129
6481
2215
18656
19716
5156
10874
10324
18389
3821
18962
3168
16162
12511
11263
192
10049
8946
5227
14280
17530
19927
8989
6254
4808
929
4975
13716
922
11342
4744
13363
11539
5267
2957
7814
15655
12570
10364
8971
4482
13927
17519
10297
3648
17836
18834
6266
9063
9869
16971
11736
658
16043
5565
14045
18496
4404
3972
7251
13994
10597
16652
3240
13055
9855
13191
8254
17804
13483
81
18253
19164
12808
3292
12592
18370
17255
11711
16687
6835
9400
10169
2109
6614
6109
12381
2559
8754
17526
3989
18362
1381
15996
6703
8954
3509
10489
8863
5773
4859
5073
16303
11416
12792
10318
15965
16952
19608
11995
10809
8343
18500
16710
17600
3759
8730
9203
4695
18155
2
8135
13742
7489
14142
11991
1029
7378
7642
5219
7535
15104
13070
15919
8157
14644
11398
696
15522
13787
7033
12810
6491
17803
2276
13585
8410
18515
16514
3412
4744
7631
5257
16557
207
6931
19601
2950
3872
7737
7169
19599
117
5414
4990
1472
1786
6817
17599
15468
19838
14887
6085
15756
8996
3258
1477
18511
1924
810
12578
10689
3846
1425
17292
8101
15873
12367
13057
4279
12602
994
10776
4834
5472
11765
3281
14582
14974
14673
6938
18566
15581
8389
5482
10806
2062
5219
17716
14530
6496
7649
14248
1050
4608
378
19844
2455
3328
13757
7983
18226
12485
9642
18977
13356
942
7348
11811
14782
9549
3765
10850
1577
16316
13539
18692
13711
1919
17303
17663
10727
19251
14816
12768
2085
9146
6172
7131
18108
14240
7875
18882
2717
18097
8950
17648
16707
10111
19516
11945
7063
19931
851
4743
14793
1709
16847
15891
8376
5503
5214
2559
19912
4601
15041
5674
3218
9306
13138
7760
16194
10255
13479
7705
19640
9613
17200
3287
16650
400
13411
510
5632
4882
10091
14307
10360
12657
18933
12178
13348
4512
3836
3150
13027
6145
14025
17034
6709
480
16190
7587
4022
16390
4454
16696
3994
2037
16050
14473
17213
3116
5507
13514
19822
14493
7612
4950
1796
10093
17015
10405
16028
8815
18120
1595
13793
19057
16566
12518
5669
12529
1011
6253
6278
5493
9568
5093
7127
8377
12476
16322
16499
1137
7096
9105
12980
13113
15298
4432
16460
6849
9625
12829
8417
12658
17766
9191
1082
10265
1032
6871
9539
16692
2662
1998
8741
15254
12312
10136
8247
7597
11715
17812
12449
11976
3307
15087
7942
8225
5292
9444
9307
5970
8970
17158
16780
14290
3984
6719
4807
2718
684
19254
12512
12841
6717
5057
15711
14344
11915
14156
16668
12768
15477
5037
14107
7318
4082
18693
5996
7204
10466
1796
4301
2123
6451
602
15051
13037
14239
16990
15496
3907
8769
19224
11525
14772
14169
15186
6894
18945
7070
13260
17150
9803
18310
16393
17165
385
10927
1208
11607
7362
13591
12534
19174
8409
17836
14241
4152
13770
14744
12523
10345
2800
16650
15237
12501
4549
16253
3452
11378
18495
3453
18380
11839
8825
18818
14157
19589
6598
15867
12874
14898
7414
5142
4234
7886
19660
7334
18866
19849
2458
4578
11534
4717
1916
5021
19510
14292
1614
598
10099
16636
19967
3553
17079
5083
19375
15589
5451
18428
13536
12563
8668
4918
17634
11854
14753
12777
8022
19955
7184
6368
11279
16669
11083
19003
11901
13057
8024
16363
16279
16167
9832
13124
7652
12332
12845
13589
13683
19247
5254
19256
5535
10369
1626
5324
1421
10965
15074
17346
5302
3105
12584
14138
15364
7210
5555
3313
3636
1924
9375
3219
7011
2297
18466
19089
10774
1499
15955
2369
15044
2523
9866
8038
13264
2195
14739
10380
11853
11100
4588
15176
10144
3628
764
9903
19614
2619
11881
8882
7659
19733
19013
9098
19769
8042
15957
10272
11312
18653
2162
9690
19819
7441
7521
16910
9617
5673
7613
6360
16546
7905
17319
6145
18291
18028
15083
16808
1759
1905
10655
11017
289
4563
9429
9926
16573
845
17000
15943
5754
9049
15616
5492
15763
3658
1224
9117
9692
13118
11297
6250
18664
11767
9774
12495
7599
9502
1575
10627
13801
8157
4048
8805
17143
14554
3283
16047
3075
1220
8481
16819
10367
6185
817
1014
1188
5718
11393
13576
13226
10668
4119
8648
7244
12803
17355
16438
2253
7190
19446
6434
16144
11401
8906
7694
17614
11720
1451
4997
17810
2401
2962
15328
7637
13327
9686
12167
17995
9497
17758
9676
265
16589
16804
19593
6321
14940
11769
442
14128
5244
17618
16685
9849
3318
15173
79
1567
3326
6903
9068
12226
507
17804
15546
7579
13903
8012
19325
1012
6059
6081
3281
15694
6040
5736
6340
11871
13198
9997
13532
13945
5418
17865
3502
2175
5014
9637
2223
4631
19379
19928
4255
5632
4773
4364
4363
12113
12511
4968
8420
18285
10826
17723
8094
10641
13270
4931
3842
2354
9687
18796
18866
1789
12031
19251
15173
17555
8120
16979
3334
949
8140
7653
18503
14584
10331
4542
19904
16332
4803
896
13414
15376
3103
3805
17044
17857
859
9587
7712
16978
12978
14025
15562
16874
1616
1365
11124
972
13343
19459
3562
16320
7007
17779
13006
3784
6182
6508
6557
19304
7208
9137
5038
19685
5537
3605
12923
2611
2946
4211
19720
12943
11940
12349
14687
19251
16627
6472
9812
11045
7002
9251
15690
18961
1777
8683
15383
16864
6312
3727
12271
13838
5946
124
7058
13808
7239
19310
13923
805
18545
8508
7129
14260
16914
10433
2119
11124
2530
19929
5521
36
17763
7759
4265
2350
5064
3343
1956
4731
19850
8683
5043
1
18303
13652
3380
717
14496
9558
11630
3543
13983
15495
6030
673
18225
190
4138
14484
12360
10851
12172
17436
7346
12072
12800
2530
10287
13751
12023
19307
8572
18435
5123
277
2706
10456
18834
6187
8724
14752
16611
5426
3029
19964
11668
9534
16711
11487
16213
16440
8218
4488
17997
8391
4970
13952
9958
2010
1720
16638
156
4460
5571
2265
11637
1210
8363
9760
788
1056
1497
8167
452
6718
7486
12052
8577
1375
13672
12047
1978
5877
17415
14910
12436
9151
14703
17760
15650
1770
13069
815
13709
14111
8213
10614
5000
4203
1794
2154
1931
13280
9290
4873
8022
2491
6545
4668
7814
9818
15467
7083
10843
17712
11717
3165
343
18970
19956
15158
19421
14808
15281
18513
18227
1032
10077
387
8118
6227
418
2475
6314
12725
19944
14850
18216
531
1276
13202
10441
17410
3297
7878
10780
11862
1256
14633
7806
16879
10092
5532
2656
4748
11102
9430
407
3490
13519
19245
13846
19163
16511
7301
12522
17538
676
14834
12733
15725
434
6325
14067
14739
18899
11871
14544
13476
10561
13608
5910
19750
5537
16058
8039
13164
3664
18903
16082
18516
19969
16882
15943
17443
7634
2691
4118
1137
16370
18299
623
9812
8143
13271
12757
6977
1188
14037
10318
10705
14814
4574
4571
10005
1755
6685
11743
5474
15587
814
8428
618
1691
1573
6462
5059
18942
7409
13374
14561
12856
8452
2593
14345
3225
4778
51
3584
6253
15433
6293
1386
9634
13040
12907
11819
15834
19966
8230
3700
8397
6859
4936
3609
18465
14045
18443
850
11739
5126
6549
5316
9697
14073
11876
435
336
1378
16396
18025
13335
8234
553
12257
14459
8303
14544
8357
10510
10187
11255
11650
15190
4522
2067
3208
2042
16550
10539
4765
667
2393
13268
16718
18875
13802
4192
5370
9970
13200
8084
18276
11234
995
5238
14589
5309
9942
8745
13640
15557
7148
5462
8608
16142
16388
12527
11326
16186
12364
8720
9954
18099
15947
4341
4419
3788
12799
6689
569
16801
10292
9135
9742
5201
17343
8835
15400
5008
771
16270
8203
268
10882
6632
14171
17098
12588
17001
3355
2913
319
3183
5287
14670
14763
1030
1541
10161
16030
9647
13413
6709
7704
18879
17389
19507
1222
15183
861
13908
9373
17592
15068
7725
12575
1765
16484
1246
12258
131
4320
465
2149
8228
17379
7524
4235
2373
11101
12768
19525
4254
13983
10088
1466
16093
16677
6002
12441
223
710
15161
12317
13255
10928
16377
14056
2121
4609
8881
19303
8165
6799
15302
3804
10326
10661
17985
1524
1934
9942
7135
8779
578
14428
16876
2421
12367
5922
13347
14528
18634
15542
12794
4536
1672
5024
8438
11223
19336
14879
783
19121
14559
10395
13504
2332
7080
4962
4580
9342
5400
9737
7815
780
9247
9882
6779
19950
6476
16742
427
6214
330
18543
3434
6378
3706
18089
9747
3146
11077
708
7467
15386
14243
14811
6565
5871
16540
13988
1583
10546
17993
17118
7993
16775
15251
1885
19337
3924
10698
9200
18522
19824
9450
8898
8638
4058
4634
19623
18268
9617
14134
15195
12976
9721
1832
14058
12360
677
3663
8177
4514
8678
11638
3085
12854
15279
19723
6324
14816
3594
3459
16169
3054
3967
9965
9815
2469
5362
18806
9786
8568
13976
11337
14681
18947
16722
6584
9220
14333
18090
10334
11350
13171
17307
9295
1858
16643
9045
5580
14917
19940
10997
4634
12260
