2000
40769
2988
14611
63320
22439
178578
19320
186406
66701
150573
62539
173994
163421
158087
104932
88199
32376
3129
181815
95534
10451
120250
28673
54805
110654
194922
161983
183931
26841
69471
139504
80113
82928
134878
81228
39539
166770
191894
158438
43125
12243
2730
136344
65558
191970
13716
77251
144634
102557
103584
125969
103630
159659
124851
108742
151328
164698
197957
195253
94629
71920
168741
163583
154492
46328
86708
135806
107404
151411
56347
114973
81391
81957
37098
138817
164052
178872
63907
82437
183960
104159
65897
189242
123132
157082
61837
124593
73285
91796
176015
130580
56547
54979
150921
23872
33520
163610
192880
102083
27122
67725
177401
118015
99341
146400
9272
134509
24216
151451
34142
92302
18006
143764
119564
127151
1898
99773
50494
182796
8906
37683
37240
166497
5018
2801
154825
130302
59692
194400
132466
105958
146896
103504
175764
73603
75780
45752
29607
47467
134926
101219
86229
192549
88105
79947
159471
121697
176020
159874
171882
17477
131799
124588
21489
11590
160257
95311
121043
6409
56047
115959
38747
116727
12474
71251
84677
86363
108746
91699
181576
56272
148458
118180
45061
151396
32923
47861
194597
174621
122008
145312
105201
111861
64544
76620
160404
74777
100172
90241
68858
187240
149667
150401
65267
92871
58978
17413
31898
24449
150953
111180
23961
3405
14944
39444
46956
98482
34015
25542
98203
168501
27470
186130
22629
989
145255
67636
166428
8781
61100
179609
184115
173872
138526
30451
67565
91005
157222
148750
12960
81768
36080
149028
96554
51971
79188
117691
138486
88182
118744
152836
120155
111025
57940
79200
17966
22953
193425
33435
91519
76020
191766
70294
59216
15451
108580
162384
40034
18739
17881
84755
126485
145046
120850
194962
96655
143729
65842
68923
89044
199116
149806
90996
184834
195090
140105
183109
46393
71345
171071
99830
66586
82152
155215
91296
57909
87558
28637
111512
182539
184565
116570
136565
35111
30395
61960
108847
108123
133966
181048
53658
24360
102222
132592
156362
103503
147596
24324
46136
124390
178903
190105
80705
4771
11827
196206
142921
182796
32464
78400
78339
152367
12841
119018
3126
24632
61959
3918
29783
159023
90416
158475
187147
11915
172193
192863
145269
146722
32563
73430
41764
70302
163252
96642
31335
124431
122224
194856
5171
155198
65474
74032
29374
4844
25349
180680
121999
68156
75873
73682
197958
146882
23976
107977
165825
126042
93535
60908
67263
18671
123626
886
22912
25613
28119
6058
61869
2237
82506
13742
20091
138688
36219
105124
123149
21258
72689
29136
104870
162935
132566
166967
133854
199934
118832
198948
78164
56577
198026
39875
63244
3463
129655
60344
164817
85737
48330
79433
141181
100578
62081
128622
197430
12582
174947
99120
99739
171297
154366
91080
82779
31439
108473
68959
167339
196625
23687
86646
141902
134143
144974
10691
145683
192944
176379
97065
98203
191547
100744
135555
173698
28366
165392
40133
159215
188361
152294
14735
167542
13514
43636
169222
127974
126853
186414
84682
115263
122754
35780
92039
40715
10530
135369
2155
137586
134088
183345
95526
23175
3629
159468
186040
130904
61324
118090
48551
144451
77425
85456
82447
30884
15680
172722
83068
151593
114202
43714
122552
106
162957
161837
48135
66299
13773
72109
38612
135256
62047
90971
185663
32597
157646
22831
132848
107735
39602
93113
191110
56990
63660
160366
98360
173924
171409
71766
43039
166676
162293
100497
28710
188532
58510
174616
177971
88063
158092
140747
182362
30613
177802
139385
177047
165601
19508
101845
119901
1595
17506
190242
11188
94990
85804
145275
109834
171512
30339
37640
74784
36632
26429
27423
164451
2954
31367
21955
115263
174033
151966
93149
113417
16672
184722
71187
160618
81582
84639
34774
186495
22744
191748
85812
199976
54162
78715
43802
65525
75137
101565
106913
88889
173769
61764
88532
13351
2470
127021
75885
23674
139890
111646
86015
20422
132752
137014
34914
64331
156827
31207
167202
62505
184530
199045
22776
163695
33695
196881
147989
141301
89750
166019
98018
92845
68034
33485
33626
102959
5018
192418
35010
82464
84883
65940
92811
48488
127339
116354
67758
168475
59249
124826
78916
169884
75600
146253
15823
165957
106448
183290
23047
159520
75381
169702
158965
108790
23324
57123
109284
25856
6031
196667
105992
3062
178927
106271
184532
3246
165229
61499
14731
196925
101962
184112
5752
88066
168480
114205
16116
5877
130777
156266
106466
96484
152219
160688
30338
160746
163080
75488
135016
191390
140821
150396
78753
124261
13816
53552
21507
172249
91071
93467
32547
72113
174098
46066
98176
89510
131784
114838
195879
187970
17438
170507
166733
182641
56416
101586
174255
193124
139751
8191
49330
8678
163629
185353
140790
35829
92533
107589
66932
106228
569
130325
21886
179460
165915
22408
18283
71986
72964
160948
106007
87803
115094
195987
185243
85028
147499
606
9568
4820
18808
135918
185977
145994
46143
86388
53211
4134
70517
125352
187760
34805
51224
164133
19037
84162
4857
153364
48211
162570
100217
79025
132930
127048
129281
106117
130638
53255
74683
166148
80681
165980
112857
583
196766
139557
6364
83431
120418
108035
14557
8166
58723
102903
89421
122222
194424
158275
41376
52009
54825
183472
175288
43897
30911
170875
37737
79796
116588
14801
185799
90724
20098
79146
88818
75868
187663
95766
119575
35210
160976
55724
96786
177147
73899
116253
6126
79234
66603
85435
46576
102306
131649
78566
55333
75449
44246
83765
69310
156833
173382
116422
117341
140660
99519
108246
151462
107542
6581
5053
12438
182013
100505
196487
181942
32492
103000
116907
146084
28877
148715
166622
149515
87733
66541
79117
189576
57537
179221
45009
115438
125618
147145
69475
74003
126411
131955
71083
38330
129927
145580
9996
101864
127741
70131
18346
121839
62654
94747
155725
111230
193324
18428
14699
55041
59416
83004
163009
33495
156650
110734
146660
60637
173430
108857
29319
46588
163584
115887
106360
81812
171357
117974
174821
59865
199850
173921
46402
71306
10276
118137
5101
131713
32375
135827
65645
88126
40110
70721
142511
185058
34641
74471
47793
124011
192327
4499
19487
183201
98052
160759
115907
111566
98123
38971
175461
183658
27272
2049
125358
36698
73854
145084
98044
175147
129866
64183
111144
62251
155247
105098
176531
37370
67609
28194
121196
171675
114544
196353
89572
123396
142951
77852
19303
105478
20543
56170
197541
181061
182756
174157
7968
174429
59514
180184
108222
117807
6470
34179
50273
129689
51260
137067
101835
89118
46662
108532
15069
76258
185158
95222
12730
166893
46393
20744
175966
15172
181340
171050
148473
60327
45042
106738
17023
48146
110494
126391
94371
106834
25529
173255
27282
143105
154784
48190
183620
137679
155117
110420
22233
44635
92937
130422
194348
19303
25080
75520
137320
5849
9214
136830
72558
72380
120128
177251
41228
179411
163182
181632
101074
55334
108265
11824
73753
88472
27237
77464
17879
177344
122080
99563
125704
122352
179730
131972
99686
89420
133934
39693
17987
84270
152327
101860
86326
25764
72503
128699
27520
91793
16598
96490
102713
114383
118610
192738
45046
106789
154711
8788
119331
12001
59243
146465
15416
63155
71910
135642
16703
194687
143658
10371
56262
113992
165704
28566
191586
103786
196070
44648
103905
171718
176793
12909
191169
125705
68900
44390
28590
178070
13115
89607
118886
170576
659
96078
18377
19087
195106
70267
141647
112117
148366
198180
83614
104503
164723
87603
94933
111438
81380
125944
189566
14392
96595
142589
164769
127707
13990
183326
120306
55376
149983
184571
177478
24056
65837
96909
36870
195254
186686
161548
24064
25162
13305
97071
134962
9408
41839
197840
37834
168366
143346
155101
87943
21694
128900
183035
118988
108442
81897
41271
132594
113587
10605
135797
81554
106424
67261
94135
33260
21595
147810
63770
57844
10222
140978
8809
85775
91003
35090
29336
190898
138379
82340
62909
138337
47547
113986
54195
160010
8765
91724
99765
167225
155349
33346
25320
22912
73658
75877
138181
65529
183701
56313
78139
99257
29859
60611
102599
65907
168162
110869
168724
46217
39205
123887
170282
55295
42000
1915
197614
49317
144128
65938
101964
100139
55796
24226
138146
137478
55648
188415
118755
86921
45017
62524
51916
17172
28426
27744
163687
193853
72772
170471
71412
134003
116360
493
185891
176805
83529
180268
32642
70747
29061
194383
5585
184577
90415
145629
189000
169111
180950
132418
13505
45136
131042
134824
177257
126407
85039
86648
104400
117669
13475
105156
134349
76922
33575
111979
105906
114675
14772
146355
89120
102794
147271
112103
37836
47013
161343
67848
86017
79724
94590
117843
161583
74909
42744
135213
115058
146607
62810
195538
182373
121024
57726
43727
187930
37681
155054
156002
145659
171138
112990
117220
189310
85311
115161
140269
62521
3442
138805
109779
101903
5435
15024
50035
37654
75792
135696
124981
100130
35652
135825
30722
170146
52366
84493
132057
143287
67658
171227
74123
68507
116356
1737
126063
27301
46674
108109
195756
119803
57452
44995
101510
11484
56155
84339
26749
116791
21977
148633
124283
127983
34090
14529
127857
37738
77378
122264
9735
34076
143527
78116
166870
127573
31059
41372
132594
82417
79262
164127
184466
171132
96948
45689
34315
8632
6272
27140
86214
181333
153232
32005
131951
144087
117727
32436
103948
41535
112660
85757
150567
93371
33778
65571
19292
111469
107030
122732
50830
48159
119471
84903
39469
196248
121708
151179
87087
10823
92741
174219
87884
144627
47379
54146
127593
142209
58922
23252
75207
47658
182788
92299
30508
145329
87704
186501
26968
108903
94681
192659
101275
188344
77358
3899
47742
7528
85121
124315
152752
125048
158657
33956
51930
95855
142090
113981
36427
180317
8988
187731
123950
116529
72525
182389
48628
124118
30080
196511
31973
38099
160475
91786
14864
198604
67027
127497
52169
26091
123624
173552
110525
3314
184459
128336
90851
83050
45041
156896
79764
152420
6490
87904
28680
173698
81858
4094
141273
101572
22972
173678
73659
68713
144448
26378
198140
101856
161880
184320
160350
36772
98856
74667
22071
45899
196823
116002
150339
102705
15279
52760
140755
158786
106827
50283
153170
140618
109712
99708
173600
40690
13507
168159
162408
136892
24557
4034
81543
12695
60140
166639
149815
168661
159184
187327
66946
118145
178439
31914
74932
193705
138657
177095
61952
147082
165437
71086
101942
84043
74272
6797
114276
15045
97139
148160
188671
49405
30832
103700
22481
149243
134749
137978
120676
76021
19197
65800
29940
80836
54038
115123
63944
128365
38434
79558
41395
124815
124487
124821
162508
29678
40217
59396
192541
1455
154384
161418
164730
148653
121369
64958
130431
76812
35162
98505
79126
62834
99070
197096
6190
94660
91304
166767
12721
174470
180015
121261
102723
60538
104878
120910
168975
69951
12059
119821
111726
150364
87800
10985
177161
70653
72157
139185
24644
146673
115719
71560
112910
42125
116673
50212
55932
58233
139939
148012
101302
159100
152641
143124
172325
95389
100132
81837
165957
59270
142085
82824
81215
134680
150546
36731
159249
180765
168866
31698
17936
73699
3520
153144
167449
89845
183434
179432
95135
176813
90666
59510
26168
118341
97406
190306
35219
186628
176748
106070
58664
174071
98505
109274
100707
145770
117935
182696
83532
64849
24669
132362
40567
93610
65269
140479
72530
184819
91325
104179
59872
82416
11289
86833
108664
7517
100961
124299
129757
70943
70909
4082
84630
68668
165909
45193
13938
25246
88234
79776
29333
27174
45438
157152
62470
42166
138000
3632
184661
154128
147053
48679
124104
2767
168040
3283
145759
124074
69853
147239
109698
120042
96754
197098
140722
132758
187379
109049
142012
180607
187616
113322
57524
9764
104416
136343
162309
183219
120688
96179
141650
94270
87027
167772
90944
33505
79054
144386
173367
142504
163635
166641
13272
143866
163194
170982
176576
816
37460
133761
30039
7718
37599
85431
188990
7658
74477
31607
49952
171552
65098
112836
144340
27633
53833
57342
189023
125844
38664
155397
89903
81522
162688
134953
106110
115956
40342
53812
147917
177774
199456
162166
67815
148463
15583
151621
98137
113603
86561
68333
116573
30871
127194
158207
37777
95777
36049
92839
58156
46019
150988
10405
85282
60955
197977
119364
73732
57536
167622
29820
123739
154768
69521
179411
187271
73832
68312
156311
13193
118629
79035
159490
50294
57924
189186
152796
45103
197549
5446
147557
42806
120709
159264
33992
196238
179435
62756
29207
105732
71657
114037
13154
168742
46803
13621
35891
11537
75047
161187
152389
23869
192645
146651
20286
28330
195594
19879
39102
185863
1282
28381
44977
196082
154371
191013
62901
136327
133733
107596
125434
178514
186949
37012
150516
77527
4109
89844
135520
176205
58173
127794
100196
125140
40158
11135
199058
140958
99774
106477
129045
72728
17413
168863
138056
173033
47737
110032
147620
91782
174438
26483
57361
162060
145874
133572
64729
166065
164996
32252
61188
79999
165896
96058
161400
36804
100226
172374
163764
55267
179149
53800
47212
138694
112475
81612
70202
73234
169845
30125
101392
182608
88623
176773
86956
154299
12403
60630
119382
193122
26172
150009
189602
151866
174953
181794
30321
123232
107820
49972
100957
19938
129458
116757
