10000
876138
449269
1753682
911432
357018
481125
915753
1141894
1436254
427080
478761
868596
1948076
1190928
568607
1698676
157397
1538264
1065370
858296
527690
1222483
977313
1834151
1376151
829465
1377258
1233430
1069913
466210
872396
1013279
1080554
299944
1477339
323451
511815
1722405
1850234
658311
842261
1477996
1277507
1774978
734229
1812898
1070821
1777803
1444050
1891283
906067
755424
1236090
1161456
1791264
1251667
1082689
1632969
1526301
1308983
1664443
1559568
968367
1371497
1560203
1194245
1854906
1885831
1400711
1212352
1489906
641158
1125022
306948
578263
153212
1466152
1813079
1818622
131460
1177362
1805197
1166050
650529
210702
880329
116511
133022
1396065
356908
708998
900545
1680953
1623218
841839
1650184
1100847
1195594
1080610
1620543
927408
1481158
99753
1039534
1266219
1017153
411826
1828019
1258734
1266730
1450412
1378135
1181389
1143439
435104
1516760
336535
248317
1966583
1750722
835892
31040
1528786
328943
242479
1976633
1570765
132593
1554737
381353
1214818
738614
438835
253166
557834
550902
1882623
808964
224089
1366519
1515946
45849
1802504
512609
1009161
102760
615698
273229
1485175
297956
1792236
1918575
1171673
509192
1127405
264911
706680
943585
646961
848789
1171423
1146844
432538
1945699
1431874
183946
975305
1911239
1766769
1804812
724320
500776
206369
346377
1354829
915763
587587
1734404
1843336
1409873
1171359
656313
625486
1938909
1467238
80557
228213
312505
1311108
521337
600520
1208552
1486256
1769839
637464
369841
1337689
1216882
938198
1829389
1360036
1535885
856047
768596
1783211
433818
489942
1619460
1957599
1077989
727170
571375
1780708
670991
1481262
708829
941747
607909
1837701
1279848
646128
1923685
1146357
1013332
709726
1239622
1174316
26055
1474980
1249957
696282
809641
573242
1590681
340822
1909664
1581243
1098294
341137
852445
665497
72587
166340
1996029
102911
242192
95361
813052
1413380
210390
240269
1322277
820086
1470804
112107
982690
772998
54599
358153
731890
1786086
1220427
1497622
1302739
356511
110324
1268877
174462
1439542
1770301
1002311
1387947
1705545
1583964
1274847
1366996
1007838
970315
352637
521081
1180308
16327
196411
308880
1190609
127349
636786
162698
1132939
507682
580348
899815
914662
135230
1306355
639100
14190
1790581
1545768
329480
1090219
1740856
146773
894005
1033733
780561
574976
1526605
1916441
884223
1970111
967285
1251674
425627
1693760
642095
1633632
48323
677913
951134
370922
1828946
741835
1435306
202699
784162
1207976
235558
1441337
1543482
713261
1260438
1641472
665268
185169
628311
1554427
1197306
982110
39907
260699
1194500
177004
720586
850423
897595
1236245
275100
1816924
1470701
664559
835664
1675754
822685
968898
837339
1115205
1480367
1341671
1199937
1988840
212562
1380028
787116
1094493
613135
1816850
789730
633280
618216
1704273
69557
1494194
1291743
29673
533674
1644632
1122786
1856216
1875817
940851
192995
1573939
1052853
1479381
1512095
648354
1550956
1960257
1351326
401799
1641121
1551216
410458
1810406
242810
1463758
1684999
741991
490843
1591953
282701
1573992
1395746
1061433
177434
464781
1788272
695693
1514703
397644
1260921
295871
1511857
1601716
216201
604145
174101
1539717
1880051
863488
256873
452039
99020
1642113
1525511
1567289
1067091
1840457
1882678
1093839
1946705
170514
318471
1082709
764332
1808324
249713
1036947
1199613
164649
1675953
880640
18107
1124938
43274
1192003
1452660
808465
584456
864525
656667
738161
1265079
892772
484891
1260360
1343762
665997
1763544
1227324
1692166
266210
1647005
755436
921165
1759039
204250
693305
601803
835383
267323
1175497
365587
446514
989257
507768
707875
1752602
1538430
578085
1101582
376644
1157109
1299871
683864
1626847
1061921
1678263
314483
292057
499871
116391
893523
1720093
1762043
1588170
774559
1585270
1867839
330987
655995
1725294
1950998
1194253
471414
983627
235391
261338
359494
1388216
1683914
1878259
1556871
1737674
1167952
1703018
889469
487448
1864682
317646
1482799
403204
348008
8252
1448690
1622867
1100153
1645464
909598
1694153
355928
1056637
1354626
1018609
918838
1150837
333502
1358291
494313
1331120
1302149
54478
383894
1123326
1217707
1970998
126758
717222
1371191
850495
958424
1454068
1171579
1067583
1937360
829271
1217181
1701990
335800
719696
1500817
821083
1503965
1907634
96477
104936
1436546
1009791
591307
1824874
615378
1351926
1618869
858504
784157
1084191
1763030
296080
981576
420905
1781290
1361062
587522
1309223
475528
387517
1588940
1952124
1375764
555488
259274
1565106
125399
520652
1078893
924527
413776
241597
544306
1517928
687904
1865831
11345
1055947
1507446
1239331
145078
1114729
1104234
1574349
872341
300561
753317
647164
1646039
1707955
730725
866187
410438
1673638
1608302
1608651
730327
1709840
1543464
1786240
153467
884151
1260561
414928
1832705
1423569
1492406
1789003
1116883
823725
1812053
1939553
1173831
83199
1752917
1040645
445262
21258
1159775
169698
243661
1335559
339259
267413
946789
57439
1751364
1701387
267719
1802786
300683
654415
1470815
1095663
1287704
512546
45276
782372
476174
1432804
211711
544477
1785225
1479103
1618581
278043
2373
880817
1226665
1155140
1234367
1555415
440808
1930943
911456
1167787
626049
1519890
1564116
983119
302811
1287772
490118
529676
404089
224235
1244583
1070316
1892432
1250254
576725
650133
597047
1373594
292754
1445689
886696
154811
1217652
1909742
667038
1539823
763131
309204
1688716
1841772
1167141
1404406
600094
1418906
1415209
654576
1321673
1898277
826972
1713279
781938
1936495
188746
1092538
1155526
1588166
177259
282419
145838
1318752
234951
1418018
1525517
1885078
1799674
95256
1305033
439511
66575
831124
1816485
658813
1201194
452853
1811419
11265
17255
64659
1090683
1387530
330499
564266
1974281
119351
1564169
814219
480204
327529
917378
1776981
1218206
1361397
1299560
1689441
773441
875313
1073536
1976731
788658
431826
1568019
139232
374504
1575113
1528588
1185558
194664
982109
739408
142999
1378795
141795
690466
300796
1790531
1539614
1368331
860139
1314425
7272
397060
1814037
190649
34505
996958
1670433
1876980
331902
349243
209467
153856
1307725
1556096
1902856
614214
1974609
751517
1582951
1352864
1513498
1009503
222082
1875462
1073430
1092801
823584
935496
1636244
99307
601177
1223134
65699
834534
46410
336593
1520452
1448804
419236
1653852
1103008
654287
1401197
671089
1213493
1733715
1507274
1593330
924350
1425817
178204
515800
826627
922232
1165349
193573
893427
1523207
1218473
292443
1512378
320006
1204143
1618903
1224787
246367
1615390
1973567
815752
1027608
1709068
87050
159965
1648080
132020
1368794
1167304
511974
1429106
393946
728073
612529
1136849
1844326
467039
1178797
1384774
729704
1212070
488897
486114
724195
1427345
742361
270621
1832599
1437915
129288
489212
1607969
1195028
1510713
524963
224246
262871
1694365
379046
1821168
295144
1634833
1731040
1811505
896540
1876709
912825
356353
1917203
549863
560415
1619574
1453220
1269528
497484
1653757
1219621
412826
1958262
600496
1974381
1811543
809625
1598678
268961
585906
1522244
788770
1393136
1621032
1235178
1446825
842374
1869990
751929
1417124
1310447
1964434
1325843
1782592
1646450
1893722
1805774
883321
879699
50500
420660
345116
1592437
24268
487998
1946891
1064597
1548862
402113
1788808
1856081
453626
1482443
396438
275293
1436480
1747557
178308
1257407
1834646
326518
497956
1806921
429057
1685500
1904615
1463142
1639375
385082
1207315
1549117
20386
434258
1907842
719897
748096
1386172
1039851
1662710
1991497
268742
1127810
1820980
1464142
1888917
1959333
1595553
405326
1004929
969332
1152548
1700491
1139612
1904609
1756348
918277
1111522
1113430
251300
1160667
1000426
1714361
1149360
197047
441869
422919
840853
492390
60794
1265827
1404110
246362
1574002
1464433
1010340
987901
105393
367815
218941
1310088
1752266
1374044
633090
767900
838531
105179
1791770
1707392
814998
957325
142354
555083
1169392
1425471
1621291
91482
1709845
489627
828206
1524143
1663610
140927
1261335
1876430
276041
1792254
537190
1687801
191781
1213087
335462
104587
975710
1898538
465543
1537040
1515365
1931648
273080
658377
1263220
904715
1019317
950091
803384
1364129
984892
1259411
668642
1728544
999097
668201
272841
1518639
803547
174011
1120830
1737291
1688252
1119342
1913221
815969
201193
1172669
132487
1015799
1560167
599654
863032
581928
1262332
1196175
517551
1353464
705310
1185774
103728
43905
778035
1889345
319295
1075374
1470849
1827601
418314
50238
318815
1570790
924278
590716
1553353
582258
1767821
1431603
1595463
234991
268741
352404
278371
724349
595211
1530517
300934
1952797
770508
1289785
336810
93190
580148
289411
1827505
1784265
334821
1758136
506167
1381325
1133081
222206
1351038
169499
1379021
704722
1450507
965280
1617941
1331420
508089
1199924
200708
1659317
412274
1420669
75936
724229
1332174
1562735
460460
1862734
1010009
1190072
1641054
1184688
1993487
1787425
612537
490373
1671049
882974
1679586
263967
976285
851377
327301
966407
263102
821588
1199499
1043355
1075022
244781
869237
376086
1929672
1874955
828463
651654
1142442
1072021
239085
230036
1274285
467437
1557374
473272
539836
1941152
973902
1076744
1586894
962764
1117323
243702
1497604
137434
1151282
289690
304860
369623
1937233
513097
397020
1410848
1173070
467650
296288
1013310
910962
158857
1851128
315445
1894373
1378342
397525
640272
641375
1257576
680323
263410
1977407
1250596
1932884
567200
358590
1727774
505429
437136
1487229
700141
299492
1650850
166947
29744
1624106
1087763
1400404
1510840
666535
1490845
899675
501946
1575963
1951863
1887595
1003334
1528469
556591
1330175
1682314
1860927
1497702
539973
438922
1711112
189923
1859350
483860
190606
734260
1835199
1869710
1501511
954905
567477
1316874
1386932
1953192
383692
226215
1200171
1860165
1225937
528954
663649
1973109
1156741
505311
1082839
913443
1070648
697909
1034838
903949
181933
208646
449143
271575
1798954
231205
70773
1527273
284601
985401
1997473
1668746
573098
1278614
532981
621562
1155608
1514982
567529
1991434
507320
538931
1843499
616304
1376024
727714
807461
455693
353149
608745
982759
1787152
335479
1527978
92187
1088831
42086
978353
1661691
1833990
1894053
1667527
708901
83417
1008344
380937
1835769
1189537
1368169
867934
1471180
972632
721901
1695403
461588
690389
1576391
219089
1821373
1232115
54852
538631
1532330
524226
733107
1332117
500801
1400012
644125
1711936
618697
1633454
246438
1706502
852900
320855
1732887
1098157
186713
1815924
357420
303596
1949502
1027273
954798
1084468
1443424
671474
1341833
152460
422212
296771
966562
51083
1303070
1431667
40879
1721
1874070
1155845
679361
324350
396305
459745
573407
633678
1245296
1503759
1179270
991906
453915
1609628
1878588
803916
498709
676315
458550
625221
140952
1192582
1664136
727276
1492535
1504677
1138094
1996226
449373
300190
860411
561539
408517
527832
551037
520957
1390557
308525
316597
1612487
1672482
132876
1331417
88418
135591
1731973
1742143
836535
921155
1717178
1403821
1510906
1743555
243353
1780130
1180157
532363
943428
1367662
1208815
1619619
1345686
390116
1479342
1181366
1163852
1437438
358991
481906
1323014
1957316
1828585
348546
478504
369358
1151831
1342140
1486116
1730031
1574857
208166
116023
982901
1614657
845469
1038531
1118230
1077529
1076561
640460
411375
829083
1363957
682445
310152
87463
315716
1130737
727890
1662599
1214732
1052357
1876314
1479526
346166
549696
1739690
517082
1080347
1134461
983978
508040
166258
414666
1943450
496154
1627033
1804699
569522
1657523
1285187
1405934
1014399
1212674
1792375
1921536
364553
534791
1044159
281968
298194
547077
830587
1586488
443882
1407255
840839
1973495
625114
1642512
49910
316949
992452
526196
1974012
1276536
1305777
991345
613544
1123152
303372
755
34771
1699853
475620
6166
1174485
105207
1917469
716272
768987
1718352
1924427
1016732
1372101
1435567
256277
669989
1014405
1890
1864865
1642625
850247
1677650
1774286
1377679
1143533
223642
453505
1741915
1721691
186160
1854218
1573635
442943
113296
1139888
959858
1949346
614973
1353179
1775679
1991425
629531
1532036
1173585
775722
465941
223809
1777461
107004
302055
528512
709497
1633109
1627101
1671523
617183
1362794
1419109
1200197
137603
696778
449689
1139552
1577919
586329
502359
76184
1026291
1608125
1299413
825778
404389
837304
988700
1215041
623648
300875
1047911
1798456
55855
858775
1476051
411273
365737
1583589
135440
1997817
3448
721646
1724417
896517
693914
932362
1825993
381689
1034912
924919
1807234
1916167
479480
224028
92726
1670739
1950896
486127
206782
1033250
107351
1638226
781128
936970
556435
114180
1956044
921327
1668852
1903344
1782487
622994
1538372
32502
486866
427292
1435466
247010
1364359
595492
1814129
134486
1447364
1493734
640735
1038770
1881165
240226
777538
611492
297897
437810
619057
1458866
1290169
75611
349565
1373183
1175797
1138735
1444813
1587872
969316
294992
11920
1038478
290990
1067310
980598
1270064
1636067
1160594
223363
146436
1870247
1040923
1814949
1659138
87968
807338
647610
478719
1417832
1102036
839987
1028245
1787899
587031
1861653
211507
1548669
847135
1208818
840393
1312308
1420344
564315
670374
1942283
620397
1929212
1954261
1113453
1595929
1311989
1758887
995642
1199445
1642783
1582498
445377
129322
1756858
912320
541501
1358854
185960
762154
1222148
656229
1584178
762330
1785786
395791
1181998
1280198
835828
1789678
120887
1957733
771411
1581141
816859
941106
1584400
1584980
200236
692340
694708
2406
416271
1333292
1229674
1248119
1545403
884737
964749
1554091
1086211
611061
1403527
1127525
1057530
1955354
1688901
625777
1894649
1202497
1339289
1358292
1278269
1721665
690323
1293823
345935
184421
1635659
1807240
1710899
488973
629827
1236237
1497106
226976
1340717
1240119
1404064
1084864
536711
1206235
517600
861556
688599
1828096
1823132
217602
1876640
660554
236200
1020792
746937
1191668
1170420
1466914
137943
719208
1713578
1333163
1312783
604940
661942
1110064
1101547
1377448
1284017
811778
789432
51487
266439
491688
1216232
327726
285851
1366399
204211
682410
1710432
136819
376108
247073
489485
1830882
294262
1304710
1212552
597323
1137171
1885486
1418619
477290
861118
1475919
77289
765993
1435336
1456553
1960538
1486848
933174
883532
1975694
186132
1962995
897510
1631943
1277057
793010
1647758
1321980
225374
53579
680343
285325
768314
1936631
789058
1290578
460187
1209719
1840964
1773853
422179
1741348
95383
658716
1118211
1683591
430663
1475408
1558960
1319328
124498
994796
1137884
786910
1180023
1341548
318020
1940819
1706470
1892208
311739
922709
314288
626602
639146
1589653
100565
1331985
1262666
533177
1001109
1745699
577715
1634581
743962
1236470
744796
1121442
215685
399426
1052436
1358099
1880714
1205496
1676087
1392654
1106144
1022814
163446
742893
1404363
1659515
1734757
355828
1759805
143987
752767
1676666
1638576
1867317
1262262
64828
881598
658635
75791
437231
1942588
1728971
1018404
1067788
1297998
1927703
1994319
144977
1948649
86958
1935124
771917
1301070
1937539
1181707
1938501
1317293
900235
1367533
942260
1825102
553556
377529
260827
1950292
1875848
1193003
841179
7008
904367
1368569
751932
1059306
1427982
473859
1385279
1969660
1716018
783346
511684
954403
1657159
308778
575936
1239465
693681
658790
1845006
1295546
1410689
1609098
298327
1418642
845649
1240764
1406965
1399603
713793
1338538
1239997
1864132
969923
157984
1042550
255265
1154878
104842
661623
1314988
531718
478209
588979
1960141
700415
1602477
692354
14779
1724268
609246
1415032
1143646
1853926
1326005
967229
1598752
1318213
1699315
547610
351363
1422275
849691
172077
30593
1867913
693335
992870
1784293
146676
239092
1863989
18285
376940
747673
1598278
1228765
939150
663776
795135
1885540
877369
1298104
1146285
1516658
662385
1049972
1397090
1318909
416879
246026
1962970
1026548
1431382
1102
1793216
839358
1808768
203226
338479
1364840
292288
1218411
401996
89306
1579811
1151637
1111983
775077
1198742
389323
393948
1825118
1169595
865210
1950447
1883684
1826827
174512
1261939
596110
1665080
1124025
1161874
439079
546524
342902
850525
1751784
1112768
872383
224152
622032
1254309
1064745
1789014
1065012
498694
177010
1484848
1463339
951451
493353
902415
1512415
1737059
1721136
776503
211258
1491117
1899328
124898
1438825
676520
729702
888780
1987268
1495515
1513522
509775
1154888
836091
1758768
1804430
496869
804962
945696
263168
365836
131986
867042
286628
1079862
205657
660788
1413538
439088
1691072
530173
235786
1110241
673585
442494
1963602
21131
439402
28874
1149749
266004
616869
1871
1403363
253547
146620
1680149
1748320
645096
431581
733530
435083
707044
594540
1282729
1669572
1743700
1562399
1316548
402540
397619
476507
454038
23051
779553
76962
928748
218685
1863445
1816409
987377
1106920
1952686
1070553
1257552
693198
166036
641287
1997701
228249
1662641
1817020
1630534
838601
1594443
634075
786246
1064421
288386
771927
147121
3288
635511
1333533
1544844
1645310
181231
232290
930408
155786
1099944
1516074
5309
1889092
1824236
1978781
1065844
1675300
1789244
1739332
923968
1414041
1598287
724182
776276
1667217
214080
545950
520432
1778665
578737
812328
408555
1781124
1058748
1802160
1820501
1471110
1146891
1434944
738582
633067
1529378
479712
954241
1520395
1010157
1365757
368591
1898746
1270560
1017680
1482646
1250224
1382381
816015
645309
886101
951228
712241
87105
537800
1060968
560190
733948
462170
1156086
1902260
162140
1721054
340361
838109
888818
1071558
1381804
1291610
60357
437990
532461
990714
1878184
1290098
1976307
469333
1543431
60668
1185406
1803082
501772
1911985
1485252
142339
180034
961361
805167
101371
919345
659302
1803539
436965
645905
1692677
802310
1836264
550575
152376
246265
1180471
1507543
1971008
938562
1526664
1005795
619699
1248644
1748413
1105852
565409
620487
1536023
729824
1482261
1555888
1488556
478349
411568
718565
1892714
282106
174370
1531871
401307
1830566
1235589
942509
1144545
940698
1189751
832322
33479
471405
312259
1580437
1632227
35689
587036
1715952
264079
1277826
1335276
1026697
555598
1096805
148863
686562
1056496
1600155
1568606
1768942
1460052
1326871
838659
1098279
1784992
78052
1540404
1919009
1719744
1501605
1739654
1918402
598525
368129
876788
657449
41521
943051
1385482
466610
1863525
944041
826974
1795321
1957821
221059
916667
1700429
437155
810765
1602828
123457
1003876
561232
1985043
214001
795400
1230622
270364
743477
192293
859335
1811800
234022
1114381
796381
308835
1946518
1365939
175462
108731
1052471
891333
343452
1205035
1729472
462822
1404459
683266
1407769
1319555
1424312
702298
1976809
392612
1981527
1328242
577082
1088098
1558675
1416336
40763
1767024
1098528
1712606
913715
1516105
857540
728276
254145
1867747
717935
701161
764903
1928112
286288
787554
729835
1497688
232686
1265765
1449761
447183
1113752
1007052
1323831
806725
1486549
1175115
1013041
1679525
1506804
1311131
1075244
1464185
1920025
672543
958562
1466679
1646538
244916
1549680
1865750
1232296
808277
1086056
337220
1578388
1904988
1673233
258068
1240973
1176745
1540031
1252998
1981242
1989352
1852962
588880
1983029
1892650
1500461
1400576
664154
1697465
1954800
702622
363254
1544528
1141467
1980355
58984
679558
338263
849646
1077668
1214510
619161
73185
1198309
1458986
254933
711238
356176
339482
139259
1225505
1050089
832532
1249424
853040
124451
1535053
1715666
820274
278350
1372087
1910517
1104382
157372
1972495
199766
921852
1687978
1820053
668038
698259
1874748
1071427
1792570
1708107
1597808
149720
653555
508858
1176668
1843947
216636
453737
484313
1066854
587200
607840
1011717
1094971
477749
717918
1904299
1479110
944896
1463213
371382
531623
1281428
1493816
1749490
1411453
1171267
203087
1301754
1079217
725781
1880542
916436
899649
1868683
1719023
589390
811087
766947
1703354
956667
1246522
797531
1056202
1629127
816153
383245
1578090
277561
1445030
744307
1283559
1269228
1529968
205594
400069
1432715
30706
1506980
1328250
21534
578339
238942
63232
1969382
1461821
1560815
1870741
867634
1624089
371663
1165495
1838194
94693
1735779
1505911
563410
62692
1912455
805242
614444
618715
9568
1876068
1379041
1941542
799417
1410897
219847
1784265
422617
1777675
1276897
237159
887816
865305
1109543
1706540
62883
1539019
1796494
208741
1440
1644763
839669
1354065
695294
1353338
534687
1360118
1671305
1345552
488088
1246846
365225
530393
1090542
709996
1464678
60835
1188125
713134
1539993
1033829
262754
161180
1261923
1078060
1893322
144410
1224641
522129
920938
1769746
630741
1897885
1005604
727937
50372
1229023
1456201
1720809
774834
1650659
891881
417423
883259
500763
1873285
238975
995523
1311139
312764
183842
735724
1187544
657090
1091757
1642145
1591370
108847
986533
584038
482219
1983285
1148568
50988
1941488
637801
340672
1802287
561366
1496081
881628
1186085
701400
604006
772740
1582287
1419949
710485
619773
1424907
285639
658429
1405215
357453
1034055
1116383
1809364
892611
299063
1710776
584669
1553866
1802589
1286348
1267658
218145
597595
37637
284514
339890
1087910
1188649
1581478
1152384
1633538
751661
1486201
1057977
1009248
1434903
1022522
1318148
392681
1224160
6347
335047
617484
1359493
1405922
1580110
560142
529916
757240
1525295
1133772
54831
880821
1599124
230810
359678
1235109
689322
1291775
1787202
811523
464596
1164875
1856040
1224960
1040827
1243977
1077781
1077752
1341483
1639026
465581
1768171
1036670
1074762
671277
1918246
402555
836158
489882
1711495
844914
676442
308026
1415143
148471
1080243
1688020
379451
481338
1992120
1841085
935899
1078222
1380043
1469679
768849
1018372
1040465
1778571
892075
1499099
1400946
251576
901805
487925
363032
1587614
613265
1627557
1464867
158658
1532296
1305726
585356
1450377
160354
906525
982194
181306
1191917
1818609
1617763
1210393
496174
1311120
516307
1325008
1373881
1931828
801802
83638
1108848
1150695
1715641
539205
152289
440325
10716
437710
1090778
667384
39445
908907
669145
835405
425602
773761
8910
1040881
1728607
330205
1417517
1218768
727160
219545
1375086
1683043
574903
734600
725561
1717902
718102
1560537
387508
924543
1831150
357324
290311
1385385
268528
614773
1818840
1095859
1680684
1415712
1031345
1712376
317952
1790958
960717
13242
118810
1787610
98413
537747
393873
370525
834672
226191
183049
138491
1456086
1401562
1546568
1260339
911979
1202387
1437879
238730
768303
1470630
1989339
1566055
95607
584992
1922902
1036261
382926
647472
466836
427205
1786525
162705
1116106
867321
433838
1266302
714194
1670967
447149
1674593
1782741
1076732
1903263
1422317
1563887
1977276
471657
1391247
1667202
1619831
1551301
1097577
184468
1589909
1678680
1848902
1311251
1360687
1091598
980736
1008645
1958467
598469
970126
536218
115344
1833423
121971
476301
184251
1244355
1066514
1423907
777943
513800
685050
1077434
336903
355687
725834
242440
1196004
467171
1676307
1400258
1941905
52590
1715988
1499225
970070
1505666
1557924
765322
781140
814658
91604
159500
1890514
695901
1155989
1851275
939392
401162
1282445
513848
319443
158758
1854157
1039352
1822861
1913203
1095811
1910150
1560177
842332
449071
506131
795889
1995751
861341
411239
980586
985212
1456868
1487712
903722
925124
986642
1977137
1067234
1743188
1141151
1188255
1629382
1677594
1892852
38741
620218
1989932
1652504
1807540
986814
867036
1221046
1693945
430668
1371897
850588
1781969
1187562
621643
358842
80310
1243443
1234967
1570459
673795
750783
1529079
379007
9626
211462
919141
740495
1143439
762792
1807862
1591005
422164
816192
1397058
157891
1844416
1121938
446310
962715
963658
1749285
1899230
1276111
1061785
772004
1467361
644176
1146218
732850
569043
1468067
1726496
1038996
481439
1950788
989506
1245403
209682
1004423
1083561
657449
966568
1894883
1510534
503980
810386
456109
752632
910430
857901
1761160
1995168
960466
1182569
1576876
1205697
1210677
1476242
125842
1725246
1136930
1181981
438773
671538
455766
988332
1739644
14266
761974
621972
1175496
1158454
1194021
1755427
993420
912562
1434172
1869908
508658
779949
755624
545551
267596
1759453
1672567
1663887
1257604
855987
749640
711526
313326
59659
1782047
1663030
163008
1358367
112000
1762691
306118
492076
1094759
749208
859819
548007
994840
795809
1545340
1959250
67748
1354042
974108
1909883
1891994
1083379
1687367
1085277
445281
35192
1144406
1011573
365953
97964
26280
1765143
2915
1329211
1704221
900799
1302686
232583
316264
139165
277803
1147998
863297
1998555
1743361
848640
1873314
636581
1009166
117957
1193788
1516990
1264857
1653065
38266
1787657
1793229
755222
1410574
298845
985475
900772
999704
594308
1398542
1156711
759873
1094329
447282
691482
1592995
917143
1659374
353755
984009
207221
1936989
1150756
132171
1908
29158
410172
1759170
757471
232762
1732351
1304730
1373632
1369332
1216108
353738
192886
213679
519993
95231
1422684
237829
817038
1404326
1374304
548144
1616597
1434094
1609452
1759994
890454
879633
225993
26467
1927779
600528
1716930
650393
511218
1949932
1064595
645893
97059
1210966
743815
142867
702730
1305578
1662412
785123
907248
1834596
1953922
64903
186689
161366
1350365
218131
116066
106718
1561456
1862362
217372
1710275
1766562
861075
773454
1289685
1135497
455545
579461
1718433
713623
525
1526707
820361
1777746
1191959
994136
1709933
1132790
1751916
867470
1473702
242726
1495520
1056835
1424452
488166
730208
1060447
306034
930118
908715
1989446
1264435
1891889
416278
840782
1484203
1023470
1436306
916736
158064
494396
1566007
831211
689999
1271184
1539577
1481178
1625410
1302809
483760
750350
1193771
1729289
840515
307575
1881463
683176
791647
1423966
831333
1324935
641817
1571795
732014
1073992
674799
335750
1207687
1318117
1507104
1164947
1012738
1232613
14008
1258244
572745
509714
1908684
569671
1212131
581038
1178149
726750
601064
1786827
989993
1335451
1063502
35927
1613906
418601
385113
1013836
1682923
1254018
49123
1562999
29979
1309984
1027397
400807
196595
1652535
49101
1430965
1044117
1036712
1407477
495083
180511
755854
708128
1954188
933427
1896544
1162937
172896
1529740
1258152
367313
1699008
741072
164481
401093
752785
1730416
958358
211278
88738
1338027
774559
362662
185328
1206728
460360
965291
887819
1426171
912536
500487
991630
1773491
946552
1108660
959826
93150
866808
1174057
650866
1139608
1027299
1870092
925669
1388978
111652
1150875
8129
1881087
943609
1845880
464026
518241
866160
469222
566587
1875673
20774
646300
1625003
178673
576909
662319
1170513
151925
1774869
1458317
1189272
1892153
384290
1543316
313210
890212
409243
1774589
902802
726036
1906613
240140
1075066
668602
1991054
1402442
391071
1007919
963028
648192
753616
555727
1407196
82713
1517396
29162
1314165
747825
1848192
673527
1659206
1076528
1963766
20444
479924
647223
85752
357054
236334
551485
252191
1426346
58287
1452366
1719616
461871
24765
1913696
1735861
1801900
1328378
1371042
966412
856881
360943
1213903
1610307
486375
1619655
1213831
1828385
1797171
1186328
1470298
1021238
1728698
1655648
1952989
183057
1998968
1692731
1225931
1126147
529024
400276
1467502
950910
1186489
1666091
1506560
155463
1456921
449293
1789737
1241402
829867
1713632
1747733
389514
1358118
27635
1896600
1825091
912163
749104
79650
767160
460454
1075804
1357247
1865233
1231855
1089437
836267
406191
57406
1328073
364091
98644
272445
602138
372815
678550
1108291
1418159
1839512
438741
166338
805986
283249
991625
556612
1105381
1192694
488203
1627149
253397
27432
362758
1367118
1414425
1411274
10985
354145
436162
1218992
389227
1402446
1798892
1891975
1362653
1411963
1959935
851993
204530
1535221
1291729
606982
252303
1040697
782803
1514164
554742
1417868
1612220
299575
248962
1118846
883382
278417
419616
1274216
82758
1775868
853626
615781
851583
249862
1268218
322421
1134320
825034
1560036
814277
923396
78546
1101959
49124
1354357
474285
167544
1741266
834054
33082
6496
1661870
1603329
1007755
578635
223015
619632
689156
10104
1162364
345119
740934
1264014
254041
1352378
1662173
981103
1636189
1659321
1038809
729940
875761
1675323
1744362
553017
1300267
1925309
1439883
561695
634686
524612
638643
1150502
101261
1249981
1729568
1137207
1581013
1226768
1099614
996203
778807
1411006
705789
283223
413060
1248014
689802
681672
160642
1435467
627243
382714
1146143
650586
1980069
110995
443340
978365
1819077
1161562
1317145
516613
1811824
664113
1416156
1688311
531888
696708
640033
1763653
275627
760842
1441549
567067
1718013
511767
40419
632634
589757
1362599
689078
953234
949711
190608
487255
204368
253304
1206279
645871
1921403
17361
1714883
1955136
1728333
1386208
332570
61489
1572595
1962912
1110481
1196556
1713393
1717928
296689
190172
598003
1886245
1167782
1757836
348864
1900770
1593902
290284
1539580
657904
506556
181261
144978
749606
1274883
1448969
521428
1991856
1023827
1216460
1596358
221332
1809855
400895
1732168
1573646
1079014
1500679
307332
1552556
1386128
1077440
1910745
475722
463970
332888
961072
77679
406461
644544
1023760
1880040
1318516
1334796
236792
646713
1149028
1647768
735667
1033881
646233
588378
915329
34942
686073
652636
1135685
111523
1572808
522632
443818
884457
451767
614386
1959515
1018980
683135
1155758
1392087
719862
176093
690278
383826
1575772
266802
1140092
1633093
137984
276023
327867
1822246
1581896
1528781
740542
349527
6535
247496
961458
599600
636098
420680
1739218
514539
643942
1090541
850768
1866662
789955
1229867
995451
1438192
1375931
480398
1724513
1343916
224941
556273
1903798
1925173
970036
125308
266654
100109
284815
1379630
1182335
127663
1371272
1013297
787457
837338
755609
393104
1233871
1294725
862155
916967
992887
923625
1617405
355446
1164661
77002
24760
1015936
855595
1439692
1580952
563737
1288980
796190
207441
25175
201664
974079
1518292
1835400
1378956
54306
564462
88429
476663
446195
1135871
1021900
1495663
1901570
720063
1321744
190615
75684
233999
1422709
1422594
1860769
21630
561348
706365
699859
1514375
281210
1207078
643010
173275
715907
220204
435037
446262
1923062
1188635
1087808
174596
208641
1358632
1063188
221007
535406
1287048
1606150
200866
688313
1611764
993645
1339651
606359
243398
1896912
765391
778062
1164282
421035
1294957
479741
1978668
1588110
1955034
788058
117683
1097576
766265
411237
829449
62381
1127364
430086
903618
1214597
993279
637539
986981
1871269
1342174
1845969
1853409
559700
1648603
1208206
1119413
1016879
84883
1697010
1751441
715583
1664276
328038
1023935
1390069
1229746
132845
1000629
1728818
116271
671556
1001992
756980
945132
1398487
970254
415771
1364076
251386
250662
49436
1450859
486920
421666
455392
383388
399415
1234051
726827
1143615
1261128
153852
857672
1460544
918510
820532
249249
1801697
527283
847346
1180997
1904495
977767
801493
466243
267082
1688901
36424
1168036
900871
1641257
529464
1549654
1322489
1245610
1424127
116582
1179378
4956
619177
1832800
1605614
1506837
854519
1161916
1391352
1861367
846845
1394552
34289
234248
376864
71398
1017934
333638
923554
1516237
1195826
1948496
488980
988274
778562
1470250
1454720
1482498
328985
905295
102192
1436362
1182839
841226
707524
1222512
904627
1137360
625195
1815179
1394841
614652
597117
1267077
451745
816160
1168586
664333
604453
1011394
1490135
269891
6433
1960974
1901406
1749149
1362706
907995
1359760
859435
186421
1790192
939148
1796848
786848
794752
1312474
1626603
1556688
235401
1596014
1150197
853377
906682
1259293
1128584
415467
862870
1122219
1217158
211177
357103
45780
408922
1475606
380501
1098615
157543
1621663
1610140
746924
1495020
289803
354721
217543
1468808
1696344
1607133
659104
1601437
1389962
875970
1765838
1127597
390353
807761
1411538
1943978
626031
1524669
651964
269248
1166808
275371
602854
1397017
150035
1951078
118875
1862664
1789489
191275
281943
338520
1603561
1131263
343733
465215
1939242
1670469
1659811
1988824
1878093
662531
632337
494612
1283413
616962
98436
1179981
563192
288361
1685858
1306057
1532246
1538274
1623072
1064636
1093502
19731
21298
1421566
417274
303344
1240996
1019576
211681
1107023
70377
1598196
1733106
192168
38666
474399
477021
329476
408941
63947
1739423
1374543
503546
1008199
1550884
1250861
1314743
285927
533334
667785
1230904
1740577
1319207
1737710
1560197
1921009
227794
1430168
443720
232353
983225
654651
574097
1802239
171046
504078
1898214
1143497
214701
1203446
1615594
698831
991250
581725
765389
580050
1440265
796311
498675
284990
535548
1675199
1979794
584800
1075245
550189
1602004
461854
1917142
763682
332563
281682
228478
1212565
876949
356048
654960
1061638
1972224
899549
74021
1487048
506626
1205600
1672934
1887338
227932
1209987
1177382
279985
19095
185663
115629
934372
767648
75322
1491070
1344611
363021
1023057
919356
1712097
9561
782543
1961608
1435741
561015
709733
669845
1311185
1946577
1237722
1364203
1389198
791605
854987
191885
765712
417904
1637951
1606094
1297320
1881850
475967
914836
1806889
1109793
290042
632902
1914671
1377811
986307
768844
1071700
318661
1648974
543310
319490
626932
1751614
117389
1951569
1636905
1223746
887449
976472
1735452
1754743
2853
1382531
1561012
884829
124136
1478095
111272
1664898
124094
1469711
367901
1868592
803790
487557
749385
680067
536689
1834844
1767257
1164386
1797498
202094
371964
1593044
1151532
742942
907081
1157916
722703
63245
524095
1089380
1717580
975369
1276452
1460529
241499
1691944
783990
453110
1220824
1544551
1022233
1912089
108763
904753
466272
635809
1404947
1227510
882350
82009
974264
1045319
1311234
1893284
1786850
524856
1629212
899962
1330575
1237617
944807
1468405
1384519
947353
1530869
1633897
501205
761130
1440721
506564
1604280
318598
1969897
917861
514955
1248837
1695795
20133
1427120
1845824
136569
1719906
431076
1858688
1455638
388151
1909421
1880465
967854
1196231
1676075
609829
1438372
1044253
1982870
447157
1585739
1268009
1092088
1547120
1222389
329572
252310
1331495
1819250
165775
596037
812371
1102613
500782
638594
116673
450757
1526758
1791679
742619
728391
212038
1354509
1282128
154512
68575
1028502
1636353
852001
463458
786325
373040
757407
630107
888434
892507
1061591
6094
1046589
1897069
1790369
150226
761826
92557
980488
1224700
1819581
1376849
524632
119668
648608
1298438
418330
505769
1797317
1320624
334679
4070
798490
1097556
1118628
1114997
1227217
1786086
57825
1800834
1468050
1862647
1095610
1618466
986047
1650549
81251
644923
510537
230237
150829
1364446
1260663
71689
1151928
377553
1624906
1899236
1548799
1891151
629012
1550271
237622
1431501
1910750
1603976
216434
242009
1670185
1522265
532224
1779046
342326
327937
1290292
1855849
1592576
358302
195313
1896800
1376286
518099
111796
1495381
1536924
280639
1182087
1643686
1298248
162286
1542301
176723
214595
1944550
252591
662914
1126140
902061
432192
464200
274362
815718
1631277
141204
684562
192583
1346162
447513
1308494
1848965
44146
1495104
521790
650267
348373
389611
631492
918383
622712
35383
825205
432242
906130
1959207
1125819
886743
1088138
1980147
688789
1123474
260961
183792
1627001
1574333
826385
923882
1134726
1500060
20879
1313947
1345916
1314268
1991096
820019
657153
2151
1220328
846861
228771
1424845
919035
744611
1991726
584360
213633
554271
745350
312440
562630
1783451
969700
256022
45777
636901
1117173
1632116
1705686
1444474
31120
807431
145997
836772
1464588
1816673
505972
75481
1928930
820508
596449
535077
1914451
285964
1688385
1501327
1308222
1418557
467633
1724935
587021
1136965
460845
1021946
449053
297948
1725846
700764
1627972
829062
1487348
44715
282736
1188311
1081587
1800581
1880460
233749
621035
377469
456365
1047232
38297
1292798
1544670
1635028
1461522
1155345
1668421
877790
751410
109921
1037188
1427558
1199535
1994660
670844
1103214
500771
437528
372501
1482672
277485
112107
1117293
37590
834729
888432
1961355
1693097
227850
804532
395251
1101484
938505
1309217
1543744
540887
1188279
231300
1149427
1706358
837083
1467329
1760290
308623
569929
793455
150434
1504349
955208
1355042
1210633
1352977
1257838
1336397
56350
897419
1396017
1982213
1304547
782086
99549
1388182
863083
1049887
234993
1703978
979368
390978
304541
599069
990983
1199473
1260345
203258
1509145
1057838
1760239
11829
1244302
1369297
1836427
1835953
1777290
1676913
991169
933442
1097248
64479
852597
1951138
1365018
498560
1232368
167536
1058873
496393
1931890
1497625
429066
1296152
1964322
1791154
777911
360088
1058533
1385155
83912
354487
235740
1240008
1894237
1860356
588366
125823
1747249
312022
1984627
391742
1783447
744850
1229512
431325
356371
86555
315136
1650322
644713
477860
376647
1778288
1421354
590797
1341569
1663657
244332
545782
1417073
1259042
1993284
554940
1287785
1117821
147577
78340
952218
1190967
1571627
664823
818927
485264
990144
724278
887661
704118
499571
611247
976972
482059
789037
1186073
873962
212019
1380757
1171493
1784165
495081
1643507
913839
1445442
965049
1999244
1311553
1715131
141278
259384
1412503
1919837
850400
210975
1333551
1343699
253089
1469927
741337
1956384
609224
1280037
1295842
901765
1729384
111016
1269336
1497722
1065123
1239966
314405
90831
289563
531830
1669325
1909866
797089
1177886
1189377
151857
152617
316550
1725262
811090
1268610
455532
1284558
1599576
798239
614239
1916373
1122103
110511
1129650
534511
1077908
680702
1826598
961598
967988
458246
1835427
30318
815837
567014
1127078
1757225
842628
244278
783314
1182521
613975
236308
473782
1056604
1514370
884787
784857
1278641
1678131
1357317
924362
265151
821386
754536
1918618
1286851
1136576
1509519
1331261
852176
1450350
366260
51314
1180864
1567972
884075
1993435
1807938
634466
839397
1515119
1298702
1924755
376090
1082589
1267627
260842
1204191
630696
542299
1094707
189880
201022
1480638
1930956
588577
1915055
771664
1904711
540240
896227
991973
1000797
1907782
829183
45632
1278157
41608
786188
1030760
155926
548609
1109005
755071
973648
280623
1058385
963166
905465
864551
1742590
339627
354542
1968171
1377864
1426078
606061
1588920
1214623
1400742
1444044
1868684
1175783
724345
1838030
1105970
806881
1841918
1007400
278062
819454
1124279
310259
1738816
1601458
497230
251255
222860
1330904
688329
1849459
1461638
1670602
888794
1790346
480154
394837
57967
1668609
393590
685002
264952
1996135
1533962
379627
193409
1777243
447945
245790
1184035
1326457
1552587
515340
409762
1925565
97147
1212965
469572
253537
1626727
1917320
63502
61668
1491660
450082
912292
710644
1576962
135997
146891
784545
958356
577310
1060833
1717267
1609951
1575460
638854
1394467
1115370
98476
1562105
1223101
320586
1384401
1512486
618279
979679
1869032
27166
94520
1076724
578745
1004171
1851260
412768
1557514
1187899
369432
1484296
1230182
556067
680686
930931
380991
693717
1700265
1698168
1225589
1022560
1966299
113202
1038876
671762
1181782
1709340
1510929
1890130
1948466
769405
434606
1186519
1744157
1628104
1325581
100448
1191029
627842
1789863
1809729
1196067
900045
925245
183869
256340
1731761
1636448
401401
1858804
1123121
202868
1032464
1113472
733894
784312
1958641
314782
69095
1063000
287710
526673
1107731
42381
1821851
1740221
1346311
348383
1426076
227623
1505604
187323
31184
449409
1483803
927335
1103886
154529
787650
479208
782146
1817695
1413831
688714
999804
1188842
1427700
372287
1871988
1789212
1177204
1130722
1831074
499388
1719382
246787
1657304
802374
1525996
1443972
919422
104044
636540
1068211
164277
1198438
541678
953329
1364304
242100
361545
1866708
137823
503386
350306
1050546
155462
1735071
402355
1046209
1163502
679200
54257
103336
1207125
1919331
1560989
318556
1301061
456707
1075414
942906
322701
1137320
44736
768415
1280391
513808
1495497
1856626
716449
896120
1630233
239435
1452970
1129943
1951475
1677583
1484409
1947342
321763
1285585
1916111
1277207
1052067
1100018
185594
1176669
1546628
529127
1393165
729603
1596574
1353596
374963
1778005
480848
305862
1771120
68368
1864075
678675
1770093
1433952
1745898
539772
892207
1283249
1340844
1730897
787484
39440
1786058
1571118
67738
1218250
1551136
782998
65728
1641372
1229813
1770023
1344820
97698
1104726
1548075
205634
1827687
1929270
1613988
1517698
1977920
967313
129051
545961
823356
415820
50422
1959697
245142
1303288
548373
1587592
761347
301834
91792
1533004
319873
976433
521578
1590798
1908448
939284
446711
1420025
894964
1621012
1615688
1137564
409773
1539887
829289
575740
1003433
1426851
1832123
385585
869372
1490061
1114739
492323
347638
275681
1659526
580186
1219242
1554449
763950
73365
1052752
558857
1810236
1962947
995573
364145
1848263
594074
808438
1164762
141975
1003133
870092
1672186
480437
485192
530398
48875
671614
908339
1971485
1252667
1195775
843071
157822
769800
1590679
1760721
487997
1266259
55706
690303
1178791
1468065
1871255
1053665
1035357
1173984
361146
1629221
1094870
838063
1173106
1819773
1445769
533461
563432
1256682
679945
1584986
895830
1237935
1668410
1242615
30032
576549
691517
1707019
175720
436031
354012
1776927
647346
1663399
1515417
814328
802761
1528917
909962
1517146
1696473
803902
433405
1937574
1967390
521033
445751
1505105
704707
1097939
1254770
1578205
1113023
1062051
1743186
501114
221559
1416440
744961
1587427
1628621
1361537
1473614
1856247
1142304
1964860
347428
277481
1219892
309271
778494
1270100
343795
1972679
134174
73754
448378
1135238
1652376
1482090
1926884
1121026
1425553
1343454
1927170
729677
999243
1021258
452212
652118
1040060
1515584
1780753
1150154
1630808
1131752
1544533
904149
1817791
234748
1858704
253873
1513237
1228393
944929
1340647
1844936
1470312
1488800
175726
1289401
1139756
1029739
1471118
1356506
1959054
1889877
1670177
1795707
1300848
1536744
331085
1905256
438816
480466
1328393
225819
1506367
274771
946256
1649658
1474021
54464
748433
1118809
1393508
266603
1570769
1646581
1258192
1368358
950035
1115301
800565
1459512
251661
156940
1381798
718992
1753687
734026
665980
1479891
1556816
1229598
1197517
864134
352984
1008324
1593613
446849
1793299
608324
575940
426695
1896727
1460425
1123624
1696829
110394
9780
1949680
829796
1899639
1047798
1483104
554598
1819268
1316778
1503792
1644445
667792
1138373
986430
1828781
526488
988559
233417
1662902
1565344
1524297
362650
526083
688833
1089511
701952
643357
315058
1856860
239720
30497
1366162
449513
1838101
126897
1769757
1537606
634110
898603
619546
301941
786715
101296
88884
1668956
29106
1749944
1242933
859751
1821105
1136175
642632
1655873
75548
372587
70946
1687866
1269880
1804312
1779903
1357041
1350643
1727247
1907219
385038
1827742
1105651
37339
587903
689090
1985633
636702
1469352
1221928
1325578
273363
552061
788484
616674
1381908
483936
630165
1827009
930449
423702
1626043
1282579
575417
704609
213284
165337
420899
744066
1288684
1874496
1818836
648233
741388
1630866
1351110
1319241
98258
1867224
1268767
1061105
557253
741317
7275
272763
232817
1726535
956992
597417
226795
1199190
1194351
68896
1471609
194260
466493
1284965
1652951
911700
1986980
1417410
282672
1983593
405016
1249824
1012295
1956406
1095563
660903
987415
425184
1827693
750579
657434
146969
1553273
1001796
98176
1084090
722519
217715
869571
1882854
153816
86048
518275
1942974
741101
1651348
1679092
671531
1823768
925941
35480
246517
567097
1207028
1853641
256413
763118
1613513
1188240
224000
1765886
808892
1729778
1437884
1919642
180437
1456230
600579
269372
1365153
1918129
1162799
1883885
1974947
724930
1020507
1969495
1284273
535248
79898
1249848
1226321
963755
554370
1817378
399432
1893612
853469
1192329
311788
411525
1077530
1062758
1744592
1022307
1206430
18623
486795
607024
1962617
1102743
1248052
1812333
851130
619340
808345
103562
663912
1391826
385250
548530
798594
80885
354983
1151256
1937392
345334
1401836
109600
1914761
879938
1441199
1818951
1008232
363324
500931
1823553
335684
1051789
1040414
1154230
1886127
278940
746458
857322
1412046
863632
61533
461594
1045477
1757613
927365
1267077
1267861
641334
977431
1294233
567842
1385685
1381738
1801739
1838766
980864
65338
648393
755153
1843430
371517
1430886
1645331
1879061
295120
570685
853856
1056998
1299528
1961888
432543
934146
1385936
1693517
649627
39834
1570188
1078573
18058
1314104
1478262
1489725
1955986
458745
309176
160896
1006039
1773491
1524801
1772906
457583
417662
1858903
1319920
313480
454457
884349
1743639
501869
852967
1540555
731367
820829
328117
1497210
83676
763597
1193299
708598
634570
784686
1429964
424711
528817
248162
1462449
1856759
1699121
1384035
1975725
97178
66135
1367497
696562
720923
569705
1546589
45317
1232538
1461711
339106
1291113
371455
1731968
1825084
282448
225863
1101003
90117
1668468
70758
1026112
1190513
70261
25032
1287014
1022719
1546085
295720
1035229
1149622
1713702
873498
1432242
480723
1112005
404923
492599
412159
1489687
1141157
466837
1559012
1221634
367212
1325431
1472338
696552
668377
817036
1788619
1788444
115842
1041217
1812964
1459336
1882205
1656565
780969
621445
15254
995619
97514
1910806
1179071
1352037
1889298
1480184
1219073
1993595
236263
917281
510488
1298683
1001653
1022402
815094
842911
1529391
1265913
305747
255662
1865517
492202
545820
93751
81890
700982
432710
1432484
23523
1435137
97397
437208
136543
1594819
468053
399840
487149
435791
1458939
1327174
395467
127740
1939123
145240
1844471
927885
1111591
1651275
312258
1077122
1708010
763013
938656
964941
1251202
1419210
1327802
1175372
530306
871375
1365101
566516
1508572
105686
584885
897011
412211
1864178
807294
441103
930732
1802304
1851245
1555537
1726690
763051
1450555
943922
936497
457794
299120
1877126
1786797
1192074
1158291
516487
1012385
1069408
1331749
1977548
1702566
1011190
1610331
1363113
963093
833996
1420182
1922447
1012655
73622
830463
344833
1889406
1613293
513963
17863
1123745
283140
60351
134758
815069
383243
1302423
1823455
967656
326410
400498
322268
494657
758000
1410615
1602186
1776581
759242
801714
1063303
50049
1461750
500450
1161617
1177017
1598002
1024415
999555
1627383
1299248
1067911
442181
1744574
1457513
486330
910822
1367448
1628567
1143445
1478565
1280567
1467820
1936366
1383659
1044294
765518
1304584
1041079
142969
1032062
126373
812226
274130
1800167
997339
625825
1296666
1664581
1004286
1458614
1651772
1070811
424523
1152638
1213218
810194
1742262
1842747
565980
1562821
1240818
432440
1692794
776280
1769877
1318172
131155
1888286
1482869
728658
1683673
1585582
1335024
1412654
939656
706008
601151
1379787
1402640
1397094
1738539
1251593
1812564
1749929
855489
1881902
616753
1624658
1044697
1370738
1161211
664967
507482
1817389
1498607
1805447
1913612
1305401
684831
1461724
116268
1029722
1616333
388927
458724
39228
1310432
366189
621972
1396199
1688262
1670089
1356090
290963
1480575
404029
299242
221334
1671135
1788416
1139004
483292
1892599
1834095
1573221
1285224
96406
1228845
132279
455679
461285
1255402
125040
1678956
419528
734819
79730
1905204
1443573
860982
443973
1851589
1363134
1504155
266921
317412
1922505
1431110
1847161
1737103
374407
761697
785353
1733544
940599
753426
184754
1172791
1683862
266920
923777
1192693
818377
1622112
276496
1301221
776584
104919
411012
1094487
1097971
1236564
46970
1312572
678762
716780
1815705
1610505
230525
217743
1470486
1535887
1101472
704791
1952681
1488964
752943
1155255
1679452
1557363
1153925
1209294
1020635
1410840
465810
1774589
374976
1344447
1758105
1313188
273090
1806849
412166
334368
747580
1338927
502332
587599
1537239
1540760
247328
986273
1105874
1556947
574596
1979402
1205675
1627896
1798252
1000908
1186656
1548618
764062
330485
24032
1823924
626889
1126446
776920
657419
1569247
1213507
240165
1454013
337427
159971
1022424
829004
1457310
1215738
797995
480132
875054
272473
1641539
809838
1269393
1569381
702455
521688
420807
127058
611526
1320806
26655
275727
1653111
565443
1108513
1776591
1609681
1999361
1918086
891753
911710
1687683
1785415
1940426
993539
1831654
297754
945004
1000764
993888
1428337
479176
852723
540320
1903150
671650
774626
416636
1179359
105370
1803984
1009458
446075
733215
48293
1915913
1332638
712201
1699114
1735221
557598
1732658
868066
226365
1473199
303229
1741440
1504124
1064043
1884660
1567242
447910
121724
1714237
1165256
1574660
359897
459818
1819139
1974331
672945
108616
1108013
1355627
723138
1425374
1725025
843648
788090
1829053
1932715
1943509
472002
1381477
1179964
1655268
350521
25517
980527
945671
492921
442370
524444
27254
1221650
977496
1540119
1702844
1991084
1382813
1577543
273114
578325
1008627
478491
1966434
1579972
1552237
778049
1146106
497387
1105811
1267207
273487
1028381
1680811
36082
1057483
58723
832870
621849
1058880
331294
63206
1575736
1343018
644638
816253
201843
1324035
368714
555834
1919634
1512168
1185822
488774
468644
137220
420181
790048
733885
1827630
168962
310688
1681544
1754939
992662
989905
1449769
460231
131833
1127806
1660886
1803123
237672
958431
1773769
384395
201330
1190235
1115891
1351191
1973963
1709455
110918
1117690
620367
318669
169570
1511696
1128755
1953669
287673
1939537
1891361
1233414
870739
146679
1417803
1467729
351313
956645
1694662
860563
932506
978400
1040885
104747
1051138
1310559
1671050
1340234
300566
1070894
1947240
1554797
1902917
600575
413549
322111
170302
314187
1615224
230897
801509
944174
845264
1109271
1456134
670753
1356277
957654
677874
1447842
1137519
1091794
1555046
1589808
888014
1220214
1558541
1613791
1335660
1889092
366169
1905350
1049788
1256544
1939425
1518872
156309
1224303
1178628
1688310
280304
746272
97213
220269
328118
259508
102508
659940
1648861
873510
1362223
711737
511485
829549
1272206
1891103
144380
1644163
991061
615869
1341626
1580579
497868
431676
827353
1947144
960175
1576881
1915877
1105333
597434
906219
1228954
812113
1488564
427955
1890862
815585
1436027
64951
407149
796338
897951
944229
1102460
141913
648881
374968
1751109
996094
506826
735132
1247894
1268499
334501
534126
582924
830701
1109484
1320810
1656539
1324953
296832
1952393
1655368
547146
1079175
687468
184029
1421622
1890782
1988699
1331597
952185
958022
48620
48007
1934721
409668
1492962
1889218
1095512
1330438
1887266
1596360
57465
1315057
593980
1788833
1841111
939209
1821051
926157
312939
1429610
1905466
382892
1908774
1759814
572175
806412
1309497
1485476
1150895
227469
1777952
1065095
391387
493663
728605
1802667
1260369
1369555
344717
1841116
1281845
1214654
370908
1613363
1782979
1048213
955340
1980522
1810043
650980
1913547
106124
672150
144908
706668
944367
416134
1987922
533618
272575
618897
1937367
1207656
463663
244743
662357
1817477
383571
678748
359715
42807
856333
1765994
897351
1917147
681417
748684
1128426
853236
1293808
1122450
591865
936429
2177
1846173
568501
669880
1209524
1501666
715321
944091
27123
1849064
1960549
1372033
42513
56939
1934540
1544571
1770424
1780956
1824109
30583
879768
638179
465945
1891318
1103413
831906
894051
1243698
293471
1121254
1727992
1185425
31587
1994791
1634365
252496
520018
692093
120329
168088
1251757
1000582
872762
1598898
1656364
408455
239111
1952171
133294
1182424
423970
241729
19649
949673
1191991
1251496
1008553
354302
978853
1482319
1538888
199654
397678
844780
1215310
24070
1491048
930895
893849
687789
1882940
58205
975598
878426
552618
903368
1007053
1746724
1856377
491403
1999302
1874052
849087
403187
1133679
1487286
184915
1089831
127625
445771
68663
1696701
1649877
491162
566981
1955086
714772
1354206
750877
715842
1954374
1979525
637308
8229
156134
1874691
1346430
293633
657063
779481
430012
1924663
176402
1666312
1886040
1008671
1915442
1228345
1304558
672536
419166
488217
260428
571511
1192296
1561217
1839022
1656624
975549
1047939
304902
1076539
1687779
1066203
952931
168994
1119394
1554628
1495993
907237
779324
1296170
720792
1356386
1238173
620536
1126318
943885
1360599
1871410
1153892
1865632
913940
1381585
431357
1810237
55113
1637422
1289744
157898
257805
775988
25975
715031
1560039
1795051
1595165
1126887
862814
452392
1522688
854634
1908857
1493894
841309
965289
92594
1361409
294039
167551
512339
246965
1515047
558027
430949
1286541
1318573
426910
318733
1293541
399896
1671506
83608
1119339
919574
334970
790249
1021524
1631920
317727
388351
1899006
1139809
110447
1204710
1849440
292187
578651
831985
744027
463329
1097686
1706011
1832446
1458774
1731895
104346
863369
1401657
19067
1981668
1966548
1728635
100049
495418
1797840
296141
1905608
974779
1940924
1156742
353654
1503344
1129519
721589
1499488
1171790
1069891
730985
1233489
756645
587970
624767
1448364
436742
117003
1204924
1128982
1156871
780694
1733875
270734
753884
1040352
1383300
1755335
815098
518257
960978
683925
419639
1616880
773610
1777414
278852
786859
261811
1024028
1723535
561625
55562
1525232
245617
713540
528146
438966
1611783
1160827
1901530
1011241
810513
445233
1625545
1754453
546503
951211
10666
450570
1187095
1292117
1869995
949136
1582746
1999370
466941
1307360
304345
908067
845514
1324238
877345
385316
1720935
14896
1612057
581258
1012901
1185651
1548173
1728698
488422
1610595
12411
891377
4024
1113557
1395664
992113
1387720
271664
1211322
817119
1860228
827756
1907197
1305843
472308
782490
220725
1817820
1439615
622471
668865
1475723
1753451
572355
1490038
940596
1730910
881196
1072305
203146
1576985
1711813
1808221
1804874
408664
1707045
824038
162814
861498
1741915
1519427
1233268
1932712
205974
590540
368607
1056475
19660
839578
468927
886884
7766
1539791
1100927
1512195
1210170
1338131
651389
59298
1229549
173126
1343018
1374387
304377
183183
560666
800487
1309766
1606909
985693
545623
1055587
24369
1307186
1237225
1830712
1213106
1028734
279383
1819052
774928
605223
949222
1374860
1216890
1300931
1067108
449187
310302
1088664
1401750
1040349
1447107
205004
343673
202875
1364000
1887581
1616847
595626
1412306
1600156
1799739
94746
1910155
1184174
1725412
137548
294061
775964
713569
637895
468755
1090942
317072
1470000
291692
371795
623308
1039529
824361
1871562
436780
1404373
735030
1480687
832307
1767751
1604425
1082402
1861431
1240627
1346990
279503
1262586
269569
1906415
1042873
1364333
1166317
413379
982632
77485
87022
864897
1439721
41926
352792
430011
959875
496337
909644
1530920
1693303
1004103
1969623
576650
1263048
463788
1083194
290538
906882
1662208
1619970
349016
174387
1740366
54247
1584356
1293965
1398422
110475
1236283
57265
884803
369620
1416238
1808032
823195
893786
1828336
797134
1341326
838226
687820
1563452
536371
1581365
1269636
1389507
325284
1611899
118044
1161968
159787
1263360
1766169
1882429
1279971
1553784
1534858
282970
1423150
413722
1519669
1890197
1111188
1848693
1262739
276338
244393
1505552
1429038
1002349
1889585
539602
1394415
1040151
1215948
1081805
301531
1112597
201731
672272
1258743
661584
551704
211072
1766961
1172198
201220
1373499
1906019
15450
1003795
390521
624013
1591871
1894565
593357
1737635
81138
1491712
1124196
1578605
995728
1720653
1407867
1963162
1152946
1325680
1723565
1557405
744924
1559434
872107
756006
1452497
1852710
1419259
101802
1139546
163234
1215997
1610219
1248967
1433950
190234
61776
543555
436363
60009
1654873
966140
1233799
153767
492183
1946068
38879
1580969
1266599
937875
1278181
1010322
1079181
1945268
1482691
1193250
645832
760696
1665709
306100
1651621
451776
701612
712145
1295825
529786
1327876
135339
463899
1195917
1744718
1279410
1010159
647451
1557115
1365466
287532
872569
1652313
897598
751735
275274
1600517
305345
874785
1641597
1576679
255684
1167659
110826
1225885
1372867
1612841
1422298
914488
820166
755503
1875253
688279
261919
26300
1608399
983478
316117
179910
564419
639646
703792
1164154
1842154
1569671
1146550
1945629
713571
211799
1187013
1064057
1918486
750018
688750
1394528
1455567
628246
1344220
1299013
1815
1495931
1014322
199956
1749402
1703782
514190
739289
1609848
1834428
305344
186166
705299
1863053
1040418
30374
940232
967858
1860597
75739
1039211
229995
642865
1992597
1254912
1207043
257932
1767854
557090
1205269
437438
1742131
1400209
1739505
635592
1710482
510129
1430349
1920291
708949
767745
684809
386605
1242570
1306556
34544
1218892
1909259
1439963
527931
900430
1979164
173612
8605
932488
438511
675900
341894
950268
180373
224480
1968262
1984900
727798
1597153
1241871
710057
391866
1368531
1900960
1091680
116080
109750
408892
279350
1763666
1393998
1405517
1070106
123711
976306
495804
725186
1513209
1974050
1800857
1679036
238355
518720
805245
758009
1334311
771213
1238196
1111609
1636390
1216870
1847435
1699877
1088880
1065387
1470886
263816
157946
1210429
1142400
1896914
195197
1941761
1661291
850968
1594293
787578
1082999
161519
846707
366773
1848580
1640856
377112
121466
1785381
1441734
349122
204372
248905
893178
1065880
1886705
1198554
231375
685778
600807
1776844
210090
1261403
1102211
953950
1248301
1613263
611120
1324077
1216068
1455952
1657274
165454
348875
470197
32775
1403233
965863
151337
296212
812396
280183
1175513
1916608
821241
138544
1164612
1894157
1256705
1842655
1611864
1498835
556938
1287854
994346
1220947
595375
437865
825363
1702873
667253
1876370
1991978
1630111
216109
388189
1801430
703382
1214412
388286
1934577
1927525
824919
365193
1065857
1586616
514533
1421
93762
287841
1139846
373292
1773437
1942055
1051563
289780
845176
276756
1871840
1810715
1105714
1292709
443496
814609
438369
1113011
1629032
1373403
1998576
1930547
657722
1500618
1049673
471255
102468
232668
512931
293730
690601
1067139
1496058
827487
1809332
1917661
576544
1232222
1332136
1607695
229380
554511
1043280
948778
392335
1202230
1759424
256256
693845
522057
1514168
970091
1563223
1045294
47493
1524440
1256254
1575833
1906066
110808
1635883
1258517
283000
14612
1919715
560475
117315
1124312
505222
772242
1530736
161255
731160
971586
616602
1172179
1009398
1250855
207770
214530
867323
1326310
1862001
184268
1675583
935810
199559
942885
70695
1818590
136348
34818
231922
968507
1833633
1449100
541076
1328632
859409
1240337
1115697
1014520
741273
1611146
730506
554434
274250
1305592
1899512
1388287
914048
1294465
1152131
487062
345924
1790345
204307
160162
538685
1823447
619486
1070844
531200
1769563
273127
712718
1480803
286145
1538920
1529011
868093
1595033
373015
1838054
391648
1071457
466359
1756221
292377
1375457
143119
1263315
331135
1641600
1838143
425688
1158532
100574
1660615
420651
1909104
281503
400989
574402
1452800
1843988
1092804
153942
1047138
611404
695338
657084
1730844
1134864
1512533
830275
479790
47957
1036898
1351173
1798709
1210369
204651
953577
225087
1137850
1920011
791643
728862
655968
1723732
1801170
1638808
342212
1661608
816739
1067106
1617896
393122
1825766
70263
1671796
702136
857869
793582
766969
184055
1039884
1308540
767303
1193265
436962
1770396
1538979
1648428
1628935
309335
1994961
1726836
1486383
1730229
901040
1306863
349869
1877560
1455234
1213458
1795007
823907
232939
911361
723499
104714
74597
673925
930720
781903
1005236
96572
1925283
413193
1628236
1223454
202161
496431
456723
1400156
1566471
1616883
1694279
280166
682670
817874
541933
1436043
854870
43909
616206
16113
1972312
157623
459025
316025
595339
854785
724538
9131
1621855
529938
1959327
1898218
399596
1367686
1879723
488836
831793
1565762
1148302
1512462
1057263
1004858
1481983
1547655
779403
350161
86907
1924650
1049871
1449654
510379
756971
1628913
58730
1498102
1093693
1915002
1171323
308419
1198307
1363284
1516015
1208726
1518540
752562
1234610
1041769
743005
592746
303863
482419
295682
408624
865837
1618653
916972
1188430
1225290
1517960
1533256
557720
1863057
1028357
619573
1557172
178557
844209
285290
1672900
1379210
539022
1672560
1665085
691966
785814
838758
502332
1041950
580960
1077793
155633
1564793
687196
1498450
131007
1082283
1459787
1239181
1496213
1456851
214147
450140
1625990
60945
1741711
1188374
451479
1901714
1505360
339293
583549
405396
389119
1174253
1475929
1877800
1111682
1449415
1101270
386769
1520350
357732
1454676
1588584
182115
163468
1851591
1470248
185519
182356
1597050
149508
1243746
1991384
793642
1035812
1567435
125476
1593427
1156873
790226
1958895
1603523
1752129
436112
1147783
529807
1486100
1366813
264532
1833954
312423
1273633
1380457
972518
1564330
1969630
218257
1389635
836482
1490204
42106
303643
1985587
933182
1011371
779752
923549
1000578
1299244
1118165
127333
1889667
1160074
1751390
1904154
644976
710112
440222
1900274
1227864
1589139
1847253
1433134
139803
537662
1308135
887761
1857264
327315
309349
911673
339364
1142535
1046933
503957
1719238
1927531
1844319
1314285
994879
1321612
1089854
1590865
1329385
850806
1037888
1676837
1528449
787103
1216938
109821
259733
1778842
797520
1726314
604032
1401405
1821361
288242
997441
985590
1623457
1910225
181194
1386388
1749398
1528814
407300
1266148
1966706
194442
691402
329243
1730409
526227
1930273
1322847
514613
220905
671138
940966
1876087
1051758
1937055
372222
855334
784400
1712306
1144530
1036069
1281703
1317513
1289447
397212
1496608
1071344
474734
1182156
1390482
1543471
411441
537110
328749
808216
516784
180074
1124766
1315948
508139
1805110
776088
1971327
94217
636928
1005633
197356
698225
537618
86296
507655
803210
1633079
1286598
1016138
1861431
371244
131702
1161403
1144784
738872
569670
1796513
980855
1665939
2798
748993
291895
237109
33281
1276972
144875
948478
1339492
1016450
734319
1153989
1227034
792698
1412806
719235
1343189
1569957
1265199
1456428
1203920
1401144
822735
1469454
112289
1955010
1446011
978015
1317717
154564
643969
178792
977721
539675
1961538
278457
1585573
785491
153229
1049570
1001193
334296
4201
1283227
1818676
1175249
562582
1494543
1353492
695433
1340392
1425695
1150818
1831698
1902443
1037884
623829
1588373
696535
585110
727338
926609
1288932
1781734
1131591
1314790
1669072
1048584
1543020
1425517
745832
417872
1668737
688590
1428920
288894
1322800
100647
512836
359369
325721
1920601
1008950
365721
1215362
1151901
1190322
686251
1271287
587062
1640331
673368
1567972
1513367
618568
728298
1295572
1127376
839210
1109396
1858115
1839172
1082190
15791
1567328
466783
1154716
1072318
323971
940726
1654341
790445
1084134
750090
1991557
1735134
1899822
262457
1055972
1550625
1690184
168166
356618
484076
33655
1111672
771710
39389
79039
269079
1321001
625342
1596507
565502
1995210
373512
48409
339485
1865829
395781
1750
772296
673305
1362376
1778503
420937
928141
668448
1373483
1607358
1024258
572380
1319421
1542395
1987452
141946
1539469
783777
1362057
752055
809372
1699450
1434407
585054
314406
1979801
1155069
298531
1765449
1389268
612821
566105
495860
628003
629317
720917
557796
1380556
1261822
460740
428476
1497866
945975
1892312
1764234
1800679
1533624
608271
722631
1134365
1202790
1388173
57790
732743
1690160
1535401
1345234
891112
637159
1553135
1063696
1954499
1529565
1948547
1690267
242904
516768
1058651
464591
1278888
1486637
210290
1574128
55323
1349239
398204
1426747
982373
1823399
1134660
1045484
1454457
523577
376575
932450
565607
594415
1835655
981641
1744001
918758
1027753
1205316
1508790
1047986
1181758
1201292
1154567
856619
120880
1878083
1046719
1848453
1709255
1014356
285040
1329598
778290
1195234
328676
1837395
1317309
1024399
1045227
1586779
768309
1429553
939819
860366
916286
1142492
174057
1948961
324589
151966
288959
1550923
24275
591083
1128473
220524
870898
1475455
1023053
1042904
1463526
1978419
538690
1030896
1794141
1804050
27435
1102386
1572374
443082
114331
1775653
1387508
1070486
1413400
1754898
1159269
457913
565244
1399272
867556
1342669
513433
755939
1233917
540071
709037
1412516
1461894
828845
1459067
50486
359035
1070525
1789240
1505235
128915
617163
1662007
346944
1080110
249584
94696
84637
1566276
545626
819563
1185580
1447744
637901
112310
1073725
140024
1721013
1676259
1650810
1382893
1076611
1652974
1400910
55226
274391
1656082
306969
1093821
621409
800749
1837341
514679
62043
1102409
1329597
1976404
893268
248857
1392642
517799
52597
227736
1075341
923260
1107452
458645
821748
1079417
162198
709401
690082
1779615
1630953
1100038
273054
1538039
624452
1848898
101992
1600497
1961902
1829555
1592921
801609
1946463
1509258
794801
1127463
890976
1615954
1077295
1635866
1917760
1248325
416122
1382011
289274
1489428
479541
836664
147988
590496
726385
840021
488262
1642245
1773645
1464355
1454634
176155
653848
1371256
523367
42984
1565866
1575823
1512882
1286076
1363367
1173921
1035371
1886214
855356
1638202
1817858
563665
77253
1539339
908877
1339155
17416
1781203
1633910
111791
403789
760299
1744836
328379
536069
748736
1203466
437805
972421
1588188
1212417
434615
370668
669524
113988
670046
395194
1484051
1984724
726154
1392316
1382738
1101285
134785
714541
1525645
1662847
1776422
688211
1205312
963380
25357
1034764
1595740
1226395
1891484
333960
515729
1185150
1378613
731035
1370532
1858019
1961113
888299
234949
1501664
126155
315977
284775
1405075
10837
1703700
1775612
486711
486263
745346
31987
180144
1977920
1463234
1606446
922617
335923
400096
1445941
917013
452640
1250834
1681707
311268
1215828
860426
1368580
609892
1977048
1623391
145661
770033
1190653
705188
61328
1976046
947795
1235295
660182
200003
481207
1192429
1532871
1770135
59906
280367
159268
165319
1412390
663177
1297141
1780199
781626
1891942
256691
408738
1336331
685660
719464
1631661
1839965
1395883
1778988
1712378
1652502
631347
1108803
326889
1290476
171289
162360
148286
1911204
1279529
1809882
891800
5360
892802
1981586
1725116
1954834
1129467
1724282
203337
1899128
864476
1919309
1210207
351778
161670
1325137
1149512
1150555
1537955
1234077
461661
451557
1542430
210169
902187
1247786
44538
875580
839825
182995
657405
1810795
945288
130422
1130260
562374
1124850
1115770
1341847
458407
887209
1196344
829624
572296
810237
577836
167416
744945
526604
1310699
1746913
1180638
731229
1959610
171472
176481
1824854
1309098
1857502
1961015
1425320
1525690
1922357
978883
722926
1844299
1176160
165974
540581
1832734
1190937
479452
1876800
1470776
170543
616425
275937
1892617
608592
583117
1711487
926975
1976453
1370900
198174
1137398
1901843
1915167
1536522
1749457
1648790
142640
1864521
788672
1954224
1478074
1638696
818678
1142159
1038001
1571440
1792586
973828
1470424
1194654
1935071
289816
1164697
249111
1143976
444914
432294
1315547
1353964
397120
1545317
1928017
1712658
389402
1138026
776792
197463
1838713
742669
1493128
204839
142081
1587895
1135447
1781791
1313712
1508321
1684816
1040664
815252
589411
1655656
229458
242713
186680
442071
1180555
1956769
1457613
331660
1364936
1265938
406068
1638581
1983113
46582
1590668
1128913
1729677
1121206
1872528
9128
1259939
1668561
254840
1729168
1054655
1394949
564696
1032791
1510489
625652
1236475
1602421
1167126
719805
1769188
668176
1722299
1943774
307734
1428834
1758889
1004867
182838
1498511
1715144
811283
752228
1927192
1258668
1636939
82758
303190
551235
716479
674848
1251625
1218701
1461707
1417238
438145
1697459
1381023
1766817
712629
739077
621047
1094359
991432
412542
231348
1765602
1764650
1235699
764193
1608394
820204
820249
1295669
214246
1135982
158606
146193
130806
1014905
1588635
379915
140025
79410
1357201
1261310
1392251
71688
950624
1403089
1114376
1466867
801195
1285037
1400167
1555010
155320
691022
308397
1326924
55507
1127288
1789990
1488647
756012
1770629
1331532
21704
272491
318227
1889908
1192364
1786190
1562679
1906269
1392279
66156
217582
488073
1378728
894834
1823054
96865
361066
822407
891251
612801
1263009
120745
1973643
1597220
1456568
864650
689818
401864
1308783
765021
191930
1075368
340427
760471
549744
877373
1589091
921296
210882
725632
540754
893495
1492656
147330
828445
1497378
1405057
289543
41380
1956099
242181
1025244
873907
463986
1842202
182782
1286049
1852558
416675
1404156
1621999
1823750
1132730
494229
173939
67610
1831123
1401179
1629118
1060273
1784087
1917234
1859685
1307909
236947
1409950
569076
1443872
1102285
1832693
1535703
1297268
1766618
861737
641441
1619913
55356
1141883
895932
839446
1434298
1015717
1874104
334253
1511028
1142472
567309
1110805
1109262
30611
1356314
1083503
148748
9466
835475
27023
203333
8640
776365
1508239
228404
821336
1597141
1282022
944039
464786
687862
1559222
565526
863664
697496
1690447
67309
1467574
1427015
399543
1136636
1528703
1978290
1686428
1812501
157028
560081
1138765
820905
1186580
332502
1371375
1369378
1171944
160782
1311828
1006745
878520
1145910
786125
1074834
31498
1349529
708877
574174
437742
761113
1421954
1811963
916447
599649
1260375
986315
749566
128278
336492
723644
794737
1133203
1205006
336888
1197920
1207780
1166552
1732137
1585527
1006440
839059
695816
145757
1676313
1447067
73267
209613
855977
455638
1851998
798586
739905
1749356
1874510
589724
889686
547175
446163
807129
1856686
753268
904814
1810926
698804
66001
1093929
1243820
99503
410315
868186
42209
1799059
370630
1201120
1657797
1806211
226013
1335842
1737884
676850
1652319
1832586
1922455
1902888
329653
10116
1306629
1328510
582614
1701957
1246362
1476096
736237
776378
531734
830057
1209831
315871
897875
1465523
99230
518581
1163212
1533255
514975
151367
1361144
821338
584867
763200
1420858
798080
598888
1402175
395980
1626084
182653
451960
481464
1618757
1029596
1020651
1108583
1722553
1622533
1842987
178607
1914145
1185279
1551127
1581332
192468
1387229
344727
1522780
1671519
540748
130309
1334344
1956935
1790007
1872433
1576240
1351871
709061
1162566
215002
424914
1564704
199236
948667
1477310
1363946
1065054
1877097
1662098
981742
1537923
283826
1486461
37659
1183955
1798885
50757
758877
1249370
1383942
1901224
209329
1485359
1267984
222768
757081
1278540
1462793
567417
372455
934048
721763
595735
956064
501628
830381
779071
1663141
1324860
1989101
910881
1214212
1977780
5572
272752
91775
844442
330222
1073909
88808
1619365
98053
489341
1383948
1740601
725660
88058
568181
357960
1149325
1474181
966382
1587726
1717648
994187
311562
1016817
588084
1035327
1557438
846538
1348168
1888941
1290281
624766
849935
87831
582377
999047
1170195
274166
1068660
588303
1457327
437604
1619397
1053479
1473675
1630275
69365
910876
1560738
1340213
189282
68846
109746
1109127
1048406
373346
1951966
1938521
1246943
1604365
1674874
1840898
465086
306160
1881016
554951
1609569
607447
1926583
637892
365646
561006
1794274
1973187
1977892
683084
225798
1002517
746301
589969
383250
385922
1843632
704826
1744994
702148
854757
417415
609443
1036849
1521599
841017
1041547
1888831
810442
1150404
1998371
448331
1788951
847344
1996551
961191
1600114
469399
655863
846149
1322756
1985083
1899309
975539
726229
346549
1549038
992440
545547
1806597
1462560
1148368
1350723
560408
1435754
1867582
1577264
813358
1022567
857177
885819
1140794
760761
1474471
28251
894680
1949426
215312
700630
1498176
463858
1736573
910371
745649
1592297
300708
1887424
1964214
15175
888023
1281082
278056
965649
35880
393088
1494673
1709421
491380
1435034
490979
1426950
1493610
185875
1950224
1232150
1316238
1040263
565107
1556588
777322
1363438
1807295
628959
1952025
1914512
1759774
1483088
1475699
1955690
1124553
851700
76143
1794610
1644973
1855619
1568209
1019153
1712969
1987660
1843231
1691142
495202
618170
1654894
56971
1683486
1155896
1235060
1327137
936007
1846379
28971
1252518
719801
879014
703356
39998
914399
409409
1714909
1599374
300925
1317582
1347485
1384292
902768
124365
163676
1193854
1986886
225257
1133021
1863811
1050278
45266
961985
424863
1499304
1735159
1270017
916102
1617079
375399
1308888
264058
1990736
1196696
540668
1418608
1787949
177824
883197
998322
1711910
945444
1720999
304404
838928
1944205
225206
1253517
763493
1841024
1202246
553637
1120236
1085005
1472078
735054
1126019
1630340
1459379
161255
923155
1929973
1106817
925130
285218
1050739
1021352
1473523
348910
574288
1079650
538038
973778
1205528
1709526
1667429
57389
434724
1681972
854568
52056
1724275
477251
628789
567149
1956628
723107
272327
1066366
284422
1740652
1074061
810361
433805
1338060
204378
625287
90866
1741245
1839252
1233950
1479871
1881145
291549
86906
506762
952175
201791
1560335
1441133
953897
1575431
1348428
1557633
1679147
761615
1492519
29875
1184717
1926191
1936918
1029479
1106056
1921248
656047
319390
418048
665272
251279
1256399
1358660
1774301
988085
345723
1123397
920738
1199058
706343
1364775
1352314
115242
507634
1191057
358665
1330240
241435
391145
714143
933083
38697
1676102
16075
1831473
1239705
1955717
82305
532012
1643317
969926
1034092
1302256
1089454
1695492
1238600
696130
375374
874490
1955425
1015499
1363407
1543150
534443
653206
119002
409414
889416
430704
1825501
1802889
587110
1930869
570842
1571659
1508921
233896
1518613
935496
93928
1336153
452600
457562
603458
982226
338703
61548
1944383
966799
686631
488565
175236
1604715
457021
513151
1571154
1602848
1006361
970290
889798
870694
1854518
674469
1017661
1690078
897304
1153729
1889409
1587178
388603
171419
1316352
1540256
699572
1889034
240660
1778969
448739
23194
1052082
743193
1386390
248666
1080043
1909215
481196
631203
164792
240063
1494996
699607
1802159
1221453
1942845
594805
486950
1631245
876454
475880
501356
1505235
535698
39956
1322312
1117398
1621745
1776423
41959
366480
460627
111719
1655493
313592
9822
883259
954529
199161
793888
1899254
1582445
1462816
535154
1633878
910862
431162
1561246
1010019
1621303
1210782
1727536
60307
46883
1473275
1300157
243172
684339
1337211
105625
1391370
1562685
1476094
5572
860008
1404168
588204
1445457
485206
1474003
476688
749053
152364
588706
132675
1423594
1620110
1258586
58948
1271767
1848186
67503
1475053
1513638
1794737
1002795
408080
171535
1961926
603122
378382
1225255
1423046
373204
1481665
1159273
1297037
934649
1400198
1038436
949916
1077099
1958956
352344
1067736
608167
1368961
1589705
196195
283746
1566983
1924681
727035
851983
1738903
991427
720403
12798
33877
1525543
689499
229911
428821
1486161
1368455
1168665
1220053
492106
593713
1056879
1866289
337172
5689
1557698
20221
796457
1921089
1718868
727759
414006
85774
1563975
690812
1816841
1818556
715504
612562
830828
242078
628639
1098294
173779
900571
1183057
655270
1706148
75773
835448
1571794
606466
678644
1849300
1293207
737253
1196762
853913
1342374
796183
241753
717962
1447974
1077229
1713014
1391111
1595802
897484
1314218
890380
1280053
618566
928287
1321444
1139158
1442665
1010724
139056
723244
544654
1080113
1648665
383082
482177
114913
1230109
1781753
760238
1478384
1038322
882688
513911
868468
1318983
1550853
1106338
1190755
1328170
1111287
436818
1994781
1910699
727140
876620
1132286
1271239
680269
1531470
1291625
364812
115748
1395622
1482245
1701723
1557578
425246
17465
1498804
979011
1440174
242778
1699339
1152832
814932
932407
1726569
852452
1639125
1695470
1158000
696600
1485154
735737
8326
1022621
1614055
499776
650920
1754204
14974
1405885
1714880
206386
995210
1692323
399138
1482121
806536
1776384
176172
1971055
621507
1074507
804910
1299577
1790499
1758740
1699768
1340679
377226
264454
1228734
792463
489398
939617
678454
814663
625045
1924898
1924020
366191
1188851
563821
1984447
869295
254732
881717
643307
85018
396778
637138
172724
1822926
138552
1703958
1406530
1117390
1467030
364041
1090856
917241
1329225
352642
436212
1371389
1030324
843599
3067
707831
467685
1350440
518658
221574
1269993
104027
727498
502080
575837
1785854
1597754
1308379
69827
379102
1187421
570561
860902
1869361
775995
1268132
1120553
1169265
402741
733362
543371
480820
32803
1763594
1663467
1009857
1527578
43812
1855348
1101972
1199886
126492
1723093
1463190
1589385
1470343
1685233
1654482
827192
255921
101143
1678743
617102
1615957
308902
395429
1105337
1301131
762281
1863598
304086
503751
1424939
746182
953492
1195116
1481957
1951989
1780244
1781931
644901
1911077
72616
603828
451477
402558
1030364
792779
759518
