10000
3763888
1276716
107893
1118212
3066415
1855060
3476521
234456
361031
4837970
1725214
4405214
2143582
4917793
2549531
3993388
3569444
1101133
1636946
3663385
249459
1814554
3389321
1001330
2348651
788872
3434715
3219396
3584582
3785559
3036137
4111525
3119756
3453560
572635
1710785
4953841
4755101
292154
4027373
3466722
2278678
3604716
1884366
4538605
3694716
926274
453730
4781322
1910121
2406674
1929602
1385838
865959
182583
3948559
4804384
2179310
3573238
2775188
2592360
4760222
3188181
1068803
3864884
4475146
3131891
4861371
4974050
1846602
814369
2884654
900703
1623452
3646694
4265727
277842
3810023
207701
373415
3200252
3609320
4095843
3603707
4294798
3670811
1326350
1013603
926263
1953778
2503826
2891976
866916
3724999
4216918
1100569
1919804
3698142
837221
2563077
3242724
187558
465947
4673478
4757027
2323514
1971825
3852945
1788298
409000
4410741
1290974
3879461
1316174
346150
828354
3447227
807768
2022720
4146289
2973477
2210894
4335086
1166036
3581333
2521528
2884229
2907479
4542394
429318
3644038
3789093
4930558
1733463
556436
158182
3089509
2310208
4178745
4894843
1266739
2710098
2664479
880146
3024006
596133
1828807
4784048
2529781
337148
315884
3078363
2467075
371495
1888367
3847014
4756777
4921007
4799785
835707
3648373
2331517
1306632
1113131
997968
3955818
232916
3753163
243418
3164638
1833616
1954527
1716436
2294945
4276093
3882455
754256
4522503
106944
1117393
2784527
1208470
4127737
4705737
21946
2253742
3502361
594712
3987623
2621640
567929
1056312
3903013
743253
3977763
2056931
466025
3903090
3141101
4983576
1485447
3237585
3344684
3643154
761576
4702856
2471571
4496370
2568044
1533885
2781185
4852790
2682656
3203903
483842
102019
2493476
490675
693988
4165495
2537240
1053856
1393949
1432414
3768067
2626696
1242544
266817
1872145
498186
408184
94688
4594001
2292795
3977612
4169770
4839723
989415
668580
4415791
3787258
1964622
2990474
3120002
3297694
1405849
9770
2028639
3023054
2368714
847662
284468
767940
342452
3027317
867535
4249469
542492
723037
2045592
2517863
1560273
155322
4789415
4720590
3524243
3609466
1739266
555690
1787576
2090601
4241217
459253
748632
3406886
3317090
1391065
4195081
3142791
4727949
4913881
3981806
292390
3140299
67765
3522678
4643834
628825
3559116
1728127
2323826
4285388
59141
3513885
44226
2558679
2631106
3572157
1689812
4973207
2473370
206588
3191950
21649
1909987
3511012
504434
4394030
2969851
2590790
3757068
464961
2218159
570462
3506588
2438983
1821466
2547902
590123
1767112
4375835
1250604
1513360
805408
2217861
1502495
3962211
4851754
595654
1663766
3592175
1977184
1573892
1926415
4708832
3461417
3283559
4785259
4402973
1298980
4774074
1990783
4147271
880731
15051
2180822
4803197
2615301
4724618
2368831
2509267
1025550
1160032
928028
4844406
2942907
1263777
2232870
3560539
3787617
3416593
421892
881203
2752473
278614
4799235
1830366
289959
4465875
1672094
1940908
4982264
4415345
3039301
2822178
4733298
3333239
423845
2845855
2163315
1431222
323741
2421048
4615858
4452562
4392281
1659116
1894614
1322472
3904864
678391
1312028
3161674
3352371
592786
3073449
4525853
2671453
2514537
3814060
1866407
2166219
799979
3343417
1929463
3260740
4642928
1639243
4451033
2314268
2547302
1581114
4961739
2924453
2966415
242451
2499916
301856
4069217
3296826
3415881
551096
991896
2878795
2465823
2235256
2434545
4308002
4634892
1505025
1282718
531756
4165116
4020341
4893681
2954447
750601
828416
1957611
1155266
3148583
1434312
1003953
4167417
1427401
2755708
3907335
1514126
1125467
3409838
3742409
4762385
2011597
4409383
1418092
749807
2531399
2772667
3171627
1744789
2962907
4634473
4601233
1332469
921360
652356
1122014
2548982
414525
1474769
3759305
4517366
3105302
951125
4093495
3026548
4537357
2264684
2418950
4373015
2290339
2462387
1471593
3336947
4530820
822039
3057741
4991749
3869645
4198578
3048069
170425
165900
4884565
3924093
3992961
446438
3556673
3148636
2203588
652393
899549
2442982
2797440
460176
4772376
4641232
2178101
4028200
4770830
4057573
4016470
2137995
1960070
1957369
3564138
1747174
4903598
1586440
4001882
1253259
4651110
1627484
769783
2366402
940790
1004586
4210102
2571535
4239457
2232723
4905462
764586
116585
190521
790362
204199
4880464
3587338
3849808
3884221
4269448
3580266
1958719
537375
857532
1529236
3419002
3871524
1907948
1482317
4488686
4285166
4841461
3808698
4021069
2738699
4927259
911790
2949787
4157951
563567
1603392
2534824
4978549
4540057
734829
1987129
4844776
4474054
1391242
4032028
410258
4792078
3928865
4660044
4054245
975140
4763727
3849450
4045795
1877934
2601437
937306
395863
1441137
833104
435623
4273034
4535114
629002
4567867
4663012
3053333
2700445
3969987
3598187
25528
3579956
4854175
2256011
4336462
1848527
4827688
317206
4519061
4314314
3811304
3821957
1133023
3483661
350019
4729723
1245701
240924
846943
3526777
1446452
1530371
471488
2613725
1193637
3788118
4204008
3537724
4586966
933575
400245
2356718
4478678
3288108
2802374
2868914
2056283
4612581
4763472
794442
291509
2981340
3230612
3824943
2672474
122630
652376
2180390
2164668
2200765
4941178
1761935
4038372
2466089
254735
1248127
3210009
188875
2153322
3172691
4046065
572631
3941792
4063150
654917
4956329
3770732
3313612
784731
2325183
714585
235373
3867781
2915791
2589698
851865
3900274
4697052
1629959
1665910
2962938
3372971
1667871
3678394
1417662
4296553
1217434
4071252
1161678
4352955
68166
4201809
2565724
1227772
638333
3751392
166462
2493468
4258519
3266323
4395093
1724652
939997
3142445
1930981
3517690
952301
2191985
1983923
196928
303538
511006
2447258
1754045
3265672
4499801
2553601
4978956
3227626
713867
678771
1764662
2731298
4407482
1069992
2594008
1664518
3658937
4604197
3774590
4043021
2994368
2896866
3481712
4112545
876826
144728
2213857
4167887
2830138
4382557
240947
942611
2749468
4518572
2195115
431980
1368297
3980085
2795735
2745292
4538187
4910743
3373049
3145270
2489477
2038289
2580432
1147434
4896504
2660035
81451
4509570
2656443
3432900
2724870
1245849
3101657
2258540
2124850
3559694
651362
4424490
3575712
919889
3742359
3151589
216152
3260015
2458817
3760384
65236
4527684
3029975
1780524
745253
4075787
993559
1418045
3579008
2447709
40538
2104152
2777617
4372613
1515218
2776952
2055132
4811983
1405057
2791017
1619048
3490730
1124259
2317467
3871279
3018001
1076570
1392075
1271162
4401589
4828245
4495753
4157689
2767317
1848132
2655963
4103003
1995127
4535677
2439116
3300769
3682476
3156292
856691
1487948
1510201
4116374
4481622
575412
1050783
2470324
3389662
1414453
1819403
4111973
1042490
4943373
1674682
3422407
2716018
2430261
1834577
2687975
3849409
3815825
820219
372552
173288
1310615
334625
1844369
928914
364588
2044910
1879930
2501546
3606940
3339337
4930833
742959
576046
4000421
2556835
3575907
4500775
4053180
2425385
884396
2117377
856447
3831185
2152072
1753351
565042
1647717
3393054
1038152
2545847
4318778
2378431
1708140
3147562
4542503
3976356
3544196
370365
566088
3342939
3465016
1635838
154597
4163406
736488
1851545
405991
3823270
2131271
731780
3964143
4382421
3435915
3009592
2603451
3353618
877130
1859786
3610083
3342343
175768
1615379
2369214
2915480
14033
4710040
1288221
2318007
2713973
1024913
1180584
1635284
2464603
3187863
2275222
4257527
890850
3149597
2451962
4769480
299795
1367261
2282673
2965164
3926101
2738774
928465
4794991
4573285
3892358
3555883
1383366
1644071
2492658
4207597
2367634
1235895
4111677
2583067
1590221
4437883
3068797
2552690
1364525
1564875
3488867
800947
4122328
3389767
3341851
1024934
878094
699991
3771686
2254600
458620
1707202
934578
4682983
4919215
1498782
1105229
69421
3527966
4232861
304932
489487
4295725
729179
2338354
4056467
2116728
4879742
4856162
4013444
1631062
3851303
4351986
4820197
1438902
764052
199319
1356488
214799
3662110
4897945
105867
3601972
2345605
1274553
394291
2764870
4330336
373498
1080560
956325
3292459
4157423
2215979
3844511
4042414
4304160
4207543
4333923
3536783
1762991
4695056
4593518
1850366
2856651
1464179
4972008
3043258
923451
2010884
4578507
3032926
267312
1587724
2468300
4333826
2959867
2087371
4445762
170264
1231973
2389089
2429517
408743
535686
4043823
4052422
683871
414520
2873762
1575568
2705128
3244493
3980304
4756866
2562397
4163719
2644158
4307602
4807719
65732
2567047
199945
2636895
2309426
2765184
71491
275530
2148408
2602051
876476
4003979
3226229
452939
499782
1966703
1385639
4882136
4658234
4444549
1974264
4344618
290766
1644535
2959266
759948
3441375
4515643
2891392
540692
4572177
1625174
690352
1859817
18269
4787829
1119043
326174
3617233
1856051
2116722
3100090
3613668
4190115
3656537
3567188
1079325
4694121
2129880
4805282
2111648
1978293
3078832
4901194
2679360
1480788
3459725
4203379
90538
2122111
1650467
1550285
2455859
4586715
2672665
1372412
918368
2193793
2920673
3470976
4650387
21864
1527620
733549
674424
1949844
1715176
2518015
1500512
1952064
4115696
3948474
1534201
2266125
299120
2107502
2114182
4122610
3486807
1147959
4223502
532647
27347
32457
2911590
4768623
3607742
4948483
2606044
1703302
2130105
681357
4768411
688464
4754696
2577599
3563003
3912187
3224513
2373013
1720593
174354
743599
4492284
3716539
4920889
4782604
1983957
4283080
615524
3668719
3720939
2834408
3864886
1742842
1326639
2187678
1679121
230731
3688836
1618133
3610339
2856051
3143889
2577323
1322946
4800694
3841626
738948
4467587
3267745
3693280
1500758
539443
3046266
292854
2408710
46262
1356561
1364153
3728622
2606718
983552
4214956
4598026
2854154
4193853
1477285
3227663
1095775
4405663
980341
4661129
2712382
1143449
1999301
3244513
4238920
4662123
3202490
421254
3955785
741760
636530
623692
3106404
2799572
2026639
2104175
1710124
577245
4023173
3942807
3637361
962551
2610193
4279478
3303699
4271055
1454365
3689961
2947700
3474597
4571616
1685321
3470046
4413719
1836767
4823375
1823737
2985446
2692157
4656330
287440
1455922
4019073
448027
797638
4729031
3034213
1720611
2454698
3545619
3274714
1582479
4674750
4960168
2694235
168639
2149442
2207041
560086
645073
4982897
3895927
878047
2989377
1101508
602143
54522
4391584
76871
2265505
4201822
1141185
606979
2350571
4554717
2911678
900976
4750997
3882047
3064746
228002
1408467
4176488
4029353
932812
3246424
2304385
4829197
4295185
848665
2471699
2213277
3852958
461060
589106
4772231
2114237
2729011
923068
3097939
3615699
640539
1247616
4236459
1961612
4838420
366860
989998
3769092
4961825
3627570
1972338
3835160
1676586
29688
1674186
1406600
4794424
3045441
2688688
94358
2084542
1353655
4924699
4901036
4884471
3833664
714271
981499
63419
3337242
1252006
680793
3011568
3977110
308332
1321615
3256292
3395710
1721234
3822388
2740417
15037
1533781
2503883
3120776
385368
4199324
735556
3469797
3887747
2519680
2039792
3128888
792161
69839
4194175
2793880
3799789
4773660
3081179
3206460
3112693
899966
4690346
4585969
4369962
4673357
1524420
123928
3067312
3318326
1646196
3636181
3264708
2867198
814707
1938464
4233366
1106494
4602013
3281078
3683676
2304343
3330364
3014646
3020646
1291650
2097093
3105036
4431925
4443668
3229049
2902525
4203132
461644
4286602
1126614
896532
1586276
2293685
1699277
4188983
1985508
4089106
4208023
2611117
225295
1448387
2539159
551521
4302018
1618884
4834207
3265805
3824604
2147856
2389855
1436887
3391603
916709
395787
3263700
4189110
2916150
1744515
3894468
2204402
1404653
2959151
4817049
4210650
2812209
3874030
4166953
1491528
3215945
3038809
3396478
2228820
1153479
4018538
4570407
3578562
888268
3370948
3021616
377802
3136222
4213023
2706930
3793473
6134
3941865
510315
3981718
4901366
979411
3255864
3343074
32942
3378375
1687010
4349669
1868367
949981
3767826
4396593
2212761
3890369
1296959
1849374
4055215
1428132
4886064
1615740
1948889
1220463
4828147
744810
1202147
3945247
589313
126075
4276683
3110030
3522517
3396131
3265229
1686449
4209273
1422240
1920884
1482393
2429266
592083
1642656
3899888
1412943
4469989
244640
3600805
963647
4622749
462544
564868
4267885
191440
847861
4264434
3657975
4480048
128640
4494350
4974219
2232228
2054998
1629412
894919
4393603
3354123
236895
2260711
3480013
3411615
3117900
3948714
879873
2141940
2745884
2230482
2483314
2519032
3819705
3792664
3956749
50832
3009554
4363787
529545
1367850
3084730
3287056
2806674
1456689
3870166
3078908
3133990
3354898
4878649
2810268
4517000
1123530
411672
1062133
3410182
2319821
801605
1380226
2565200
3682816
4503924
4131645
2123114
2871443
319653
3936478
325743
1894476
994408
3759108
3594162
112517
2943737
151965
7396
1439425
4291228
3380597
2889296
370780
2585093
4963906
644673
3613612
624696
1063388
3772082
1925771
2675813
2823172
4734564
1417893
226774
3441929
449434
3778592
4773375
4350818
2444492
3286115
2214770
558815
2540361
842514
4287852
343379
4995181
2339867
2748455
758377
1089572
537653
946646
4381755
4485297
3003413
2691019
2255854
88047
2273867
1168465
773960
2263308
4322100
1707544
4875962
2891319
4553509
3049474
773595
4729475
3021840
166523
3017796
2441332
2534073
3799663
891525
3545041
2399575
3376399
2926640
3386847
843065
2508444
701935
1632999
4572766
3105813
2822903
3061550
2352176
2472244
1525165
4466035
706324
4012301
454392
3891556
960954
79067
1886648
1635622
4262729
4474399
2684821
2856259
3265456
2871069
1406696
3838984
3153178
3343687
3157639
1888738
1312288
1221580
706182
3832903
2881414
3546348
1317025
2916780
833511
3105757
3464552
371826
3811989
2677602
2526037
1473095
4393099
2756769
687203
253695
2710932
3494474
1575243
542760
3908705
4162899
2056741
2056547
2834626
425119
4088353
3165255
2113282
1716882
4987263
1035410
4103664
1008384
3102081
2531238
4283215
2565053
4612191
4195326
22156
2351168
2052899
425109
4268175
4652811
4976196
2548927
4106185
332819
3602483
2277970
3646141
351224
4000034
1870742
180878
720244
1364211
3640384
4535751
1285803
2389126
3540607
3179789
295826
68168
4271448
767495
3114010
4516132
4514109
2947678
4225838
3022954
2281161
254545
4110731
3463607
35609
4923519
832426
663243
1255875
364106
2825812
1721318
1931827
4338804
286384
342190
447172
1908883
857882
4115555
257051
611997
1215128
2592337
2242590
1230880
3272253
3717613
1332712
4895318
105341
1024631
4010087
746750
2193187
2719067
3374317
49411
2749494
2944784
2649668
4405608
3356213
3430028
4378690
1180901
944865
2561359
710519
2761030
2683516
2841585
4834329
2836908
2660312
3696996
1941895
2932041
2921497
1607359
915905
1115296
3055261
3116208
1927496
805893
2716391
278774
1351946
4363872
3933205
2133683
1544686
3278720
896808
3383570
1083164
4539818
710606
3359421
2888338
1455118
4919925
225156
3819005
4354877
1443095
2958324
1589958
2608969
3342422
3996471
3097577
454294
4864796
695446
3808748
791853
2737762
1485283
1310896
1577410
2527370
678894
4480420
580635
2714885
3803965
1557766
186032
372618
1042052
3344686
2415634
2338854
247454
269096
2255700
2109099
1283766
2020751
4884698
69102
1389234
2741448
2353281
3476506
3762811
261458
10832
2833720
2910886
2755003
4379716
1403372
2430913
4951253
1683097
1440843
1184827
4329396
3030105
3286541
4439383
1603613
9109
2341019
1552423
2047356
4610512
3809273
4507382
1749327
2538282
2092162
1313923
834379
413730
4633492
3198949
3135680
773334
4783590
3675892
377579
4810195
1135138
4660463
1197731
1127185
4562974
3285790
2892281
2822548
94539
3126751
1430033
2119902
4056123
297569
1934020
4905749
3673384
412221
625970
699861
1234868
2084183
2030482
4095269
1777864
3385056
999048
1814381
1056927
948843
522194
1142111
974733
2171738
4261379
2074947
2265209
2722048
827880
849058
3425554
32786
2385413
60223
4473132
4166872
4039703
2489429
3887730
1217574
1742008
2619691
3417864
2669788
4106618
4503617
4415536
2454076
2267971
2585392
3120940
362609
4183823
1151657
1831323
1957485
4748112
3849666
3338837
4699155
4110959
1679740
3042279
2432141
2207805
796370
2436865
2170140
1394774
3086806
3296351
3684266
2520845
2046952
3305149
2726528
584133
4868123
1924863
2090169
4137736
1355206
705688
169725
106341
2377394
1317500
2521840
2094609
641920
4527323
2999491
3753318
2803987
4937051
3759612
1807599
3450091
971822
898723
1046411
304746
193571
1833137
427626
2282082
2307591
847517
895491
2651112
2306879
4074613
3875826
4407938
4148448
2478181
2098441
177172
1280348
3090551
3963278
2392545
3323362
4449190
4729239
371660
2418890
2995344
4725509
1058508
3185485
3169846
1350910
432995
4688097
4548631
2170813
4676555
1668904
4460368
1537633
3631913
4917260
3399975
1233091
2222220
1553469
689045
4851311
2369680
3726274
3526595
4652275
3022181
98534
2717764
3356620
3974155
3111382
2987067
3578806
113342
657682
2191594
1944980
958874
3983159
3137779
44339
4583247
4992820
4170760
1145538
220208
1441521
3073749
211502
2381455
2192948
2439797
2723968
3205866
882878
3014458
3012520
3743101
3056817
1500734
1513501
2491704
1889314
676304
136176
1032968
1444571
1433305
1158344
2482519
4828442
4434126
233349
2191035
861320
3732738
3381534
4017991
1620769
649919
2695222
366684
1346513
2416866
3200664
2562756
4917905
2168626
1302904
4761058
1616304
1130363
57808
419972
295276
542768
2479175
307100
2722302
4195524
1514465
3033777
1278323
408124
2076990
4509603
1301761
777663
4453576
2587558
4076596
1159147
2336823
2834976
1810050
1032144
1295862
3273848
1442589
717499
2321982
4159450
2464166
834517
2580793
3289711
1149996
4033459
3774611
3523800
1737442
410551
3182722
2506839
4728701
2184205
2656010
865643
389687
1147589
4602350
2183231
2923793
4421497
1566788
2272505
579827
854138
2388890
1762260
1909769
3227709
1007187
4876073
3200988
4428709
1185762
1485830
4784463
329952
3962709
3579835
1968869
1295389
468787
2804015
2794510
3203852
55364
225293
3755935
2424455
1274365
461857
3896499
3739661
1372454
2660941
287995
1931006
3463090
2339741
2689161
672338
3621170
741754
76374
3456145
3848578
921853
356413
1812393
1395890
580716
2556492
3742294
3728620
351691
4706304
3729480
215977
1656583
150442
217465
2463369
959285
3608922
1761702
1135203
3709667
1569140
2834132
2406357
2153523
810470
1531873
2249534
539677
2467052
3447613
4975469
4983065
310902
104260
486253
3923231
3151641
2477379
2789127
1046623
1531748
4097216
3320061
1022342
3087548
523613
1216039
3384848
3639177
776563
3518591
4068577
1606134
1002396
2277565
3052751
2841482
2790940
3443410
613640
4772874
4439759
3474321
4785190
4225061
1107974
3143764
2485861
4029917
1610844
4502424
4124544
4602679
3778091
1243681
2439177
2450489
1790818
1999044
3616805
4928785
4968591
401689
2670227
3950280
3766369
890731
580310
646400
1001054
3841024
3596630
2753396
3745422
88003
1186758
1456465
3059387
2190088
376020
3420855
1512676
4676474
1696839
3903525
3902780
4859437
1838936
4903500
3807531
402454
4928634
3700736
2812148
2283708
928046
2392885
610706
3958012
241519
4455953
2690393
3670304
379232
4383796
3501129
3594479
3959841
4311884
2827941
3747470
1411565
1433227
1730493
2367106
1141340
928606
1254246
3275159
638758
2223888
2230289
1280213
4357866
168813
327666
311360
4342579
4358862
2916229
1564112
3738551
755210
2754503
861816
477847
3154444
2104674
1866533
202500
1048844
4916307
571911
984566
2957440
3311642
460989
2418607
1234606
2945130
1325855
31271
1402401
1508578
1845619
2014324
248482
2600481
3440865
944535
4815518
117011
4305381
3534966
4350024
45667
3778690
3290049
2705199
1036515
2038460
2636668
4361097
3131498
1025897
551039
1973323
2665470
3731207
2811552
4876221
2721525
2228628
3819729
2357348
2460847
4714923
2630395
4330191
1239509
2820789
1420063
2639946
1437498
2053958
3863403
2972528
4792171
1617020
2379266
674874
1943947
2824847
856776
278790
138636
3717902
493107
1929288
4701950
4439427
2845549
3683441
2584447
1848489
2927076
1060318
1462867
3719653
3359857
3051825
1347981
926905
4123126
561578
2064390
4640042
4041771
3961128
2716248
1203795
4582851
2565167
4151673
4498422
2830069
4282831
1130297
1313448
1867543
1295673
1537687
3294779
171971
3650141
280338
558734
1208447
1519362
4046239
2973947
2468192
599033
4806178
2988201
3381591
2431190
2257558
3398941
3050537
4080895
4143004
4684989
1250436
4822360
4028234
3313994
1262423
4769372
3221300
1071743
181771
2101057
668312
1536105
860472
450187
4968435
367267
4293453
1111008
359887
2885421
4242692
501974
948476
1112553
3100556
4250
2906851
2824399
1838290
3493423
2056752
499389
1751567
4539655
509049
1318424
3709446
1317763
2165192
4207954
2121522
1859362
2997362
3235727
2154836
2543441
4168879
1604570
2419729
122087
3030345
3047127
2883439
2064889
3852230
713282
2074618
3455610
4632152
1720885
3660116
1939799
2809497
195698
4274432
784416
4357560
923104
3966672
658325
4436734
2038045
911381
1467044
3710583
4465806
2380991
1846660
3251318
4030605
2603098
1826240
4786576
3701815
736352
4591724
1362568
509406
2350856
691681
1943584
2539990
4516126
2402833
4830042
755859
4733222
1348113
2332908
545782
3257409
2245770
3973697
2164692
3771308
3252538
4857656
4289807
4211598
544584
3777855
4486223
2606749
3503047
3380632
510736
1513659
301327
252044
2429483
1521196
2871834
1654678
1280559
266672
2227186
2540834
355927
3791722
2075792
970054
1147813
1464916
1691062
1631175
3161666
3685628
1557047
4681340
302490
188389
3593691
2221388
2624587
1304112
2176084
833241
857476
3419875
4376822
114103
3539065
2091361
1259960
2564297
3361573
498518
4132814
580126
2969430
1526237
2797485
2894763
2445231
2144071
4885873
3555640
3814208
1036273
2834629
233810
460413
1850561
2968739
4392431
3239917
91671
4351561
795001
2730465
4826262
1878888
2124062
4568875
3324289
313195
1317998
2476476
3124148
402257
2178325
1087880
2726448
458907
3178142
2144365
159286
3370504
510666
2934414
2671447
1226221
4300405
3068753
1557995
1963407
3743529
4158135
3908896
1557873
3391216
745254
413173
2829350
336117
2166181
4095591
529073
4298985
1735294
2031680
2310663
2698342
1584294
198660
2530176
3171316
249430
863675
4210014
366771
297448
4324382
2548257
4441185
1142526
3898222
1869267
182070
4044141
2146890
3463953
1862390
771406
1785704
1366312
3909217
4723960
3771057
3947487
1123618
936233
4446676
2454347
4273161
1478813
3915725
4808957
1278959
2380043
2906030
879552
3146741
1967326
4349881
4528625
2111768
1342487
2595177
1830388
3259271
23039
1785479
698308
737302
2929490
1350039
3320739
1765293
4819090
3081352
2441167
3296829
786920
66574
921912
271084
3703149
539974
2030652
661625
4833087
1476895
3371529
3852781
861583
2054068
692893
3117580
1253230
3143622
4932295
2103541
2530317
2111304
2390621
12704
1774776
699099
4213054
3663091
2176196
129092
3119019
975459
3587134
1887695
4136665
2080287
4653836
2629799
3244571
1842109
119556
842302
1461502
4671214
361634
3656727
3675046
4730760
2270022
749344
3244075
1257300
4121939
2363878
3144282
1280401
4695479
4062923
4235992
2994140
362851
3303759
1581127
4633376
1660027
2061264
2751720
1391586
178285
2976958
1429952
1544245
3695418
1095173
4793039
2073754
2189355
1395095
3513183
1052531
2321665
4543053
4318052
4261856
4824208
3968322
1135913
122463
3118347
3283711
2444972
4283344
2573886
3094948
23822
107557
2903226
3599901
933824
2956215
2150972
2829562
3731209
1263640
4630478
236168
1963535
3744654
4166994
3369729
4376918
257447
926860
2570565
2903742
4649141
3274587
3500831
3158697
2908173
2854518
2011197
483012
3364169
4024837
1361115
2403508
1739963
1512925
4039269
2308479
4829459
2037437
1098758
3948094
64617
984486
2017719
1779406
857544
1720229
1818108
3315413
2960245
2735395
3612773
2491645
1398466
1819406
2209027
4388615
93056
1122952
1340945
3613345
1520532
2120533
1948865
1970150
3284833
275898
4247253
1190631
2411046
3089234
843917
3779633
2235853
1583477
2109301
3514355
86431
2875284
12906
4599528
4234367
138232
3458995
3171094
910366
2980892
4001849
183159
2315693
988297
2529898
4705366
2558846
3222916
1006216
4368027
545005
1131928
2280642
3893694
4277397
2617934
546513
3388512
1620648
1841706
3163328
4110119
1549356
2348099
3226149
2463932
1167321
2209534
1543643
1726987
148040
4099042
4488758
4431565
2543488
4406719
71703
2750446
2686310
10014
4197063
2381264
271885
4223788
1973304
97858
2948032
2531380
2685880
377260
292412
2770785
5287
3839402
3311369
3953494
3924083
1860561
2209083
4136708
223035
1196948
64561
4866166
3004589
3083658
3398649
4898184
677597
3932756
3563859
636976
3188597
274212
896721
1509153
1449691
4945217
4840617
2402390
209092
2386258
136778
1306579
2614168
650319
3281896
1641540
2276393
4715405
3665120
3717529
551027
2802906
1282765
3890697
271411
494752
1048525
3396674
3482936
439303
452731
618854
3143871
3050094
1657768
43792
1695994
3132721
246205
3004804
2346459
4044612
1760133
2924561
4605224
3030214
1955385
4261114
2105997
4002649
1883498
1210319
2626209
4440741
4581294
4149333
3550963
436570
1636175
2382690
236856
3751104
3696374
2982072
3815324
4602326
2482034
2370609
243115
3560569
234139
4508869
245656
1795710
4958970
274766
258808
498000
3360838
2338
3027350
3092832
1011467
2244667
2290209
2461073
2580873
363069
4710278
3052087
2759691
3535116
2064834
1676172
2117485
863902
4870768
4639473
4280094
2915380
1047544
4553558
394470
4836024
1236438
4950564
3263612
622939
3706984
4259215
2410799
2089517
2853444
324554
3966579
3986582
514608
4819248
2086756
1579863
3095211
3728826
795068
1585638
506413
2885495
3788352
2712331
858681
357806
1752370
4144049
3241072
408913
1929710
2433264
2274507
539539
4838627
2731213
1005526
3314173
3732108
64104
3484256
4395756
2630029
4618613
3476704
2539134
3745086
773358
2791506
2127121
1465615
3481951
2307885
218107
3159490
1120586
211289
199939
176040
4739909
4823562
1211868
939734
3240083
4764030
1050083
3445556
1035442
3914521
1179323
4537111
1923376
3728754
2810994
4491860
3156035
1463873
1575596
1330070
3030802
3239138
3314736
3616901
426803
3237991
2963322
324659
630527
1216825
3833357
2030290
4747565
3671037
3034862
1693521
3121862
4290499
1797421
4865664
4800326
2648305
4790462
1635740
961457
3802132
3829413
321875
536828
1521011
4949365
2342075
3485869
3836874
2722396
1700554
1273677
855413
2721026
3146509
4561670
4718232
2468335
3480436
1436766
568048
4548817
3840370
895742
2178873
191750
4300386
3028514
4934508
1254794
4540409
3737306
3623908
3127526
2276972
987430
4088676
2189367
4631803
765154
1252917
2979821
1652741
318518
3931994
1853297
1378347
4043370
4246994
1516063
3263913
2621567
3603929
1973778
2785285
2472188
1982693
1067488
4627679
960203
3198025
4853057
4836106
3531355
3191175
327990
4900443
4475733
1892050
2895969
1215980
3601345
1355606
3594660
4299263
659610
3240755
272603
2038178
3306033
4665158
536843
1657572
2704966
2042159
1851697
1350540
4423929
3362267
4289396
2403887
2685701
2863402
3753537
3496135
2283047
2022242
1916526
617938
1280504
1920526
350168
4832544
4565413
1294951
3016113
273439
2802697
3754874
880797
2449771
3716055
140160
3101354
4313590
3313834
1894743
2983572
2940239
1656095
1230353
1927451
2346192
3829465
4048751
4930947
3548294
3508628
3776061
4084204
392625
4709556
2277971
2518234
3897599
1213251
4326991
2306922
3102936
3556321
4862743
2623644
3179366
1025283
3936185
4772620
3173485
4185753
2050999
1758196
1405531
4652327
654760
1369107
1011521
3029992
2733060
4496325
2812485
607456
4316112
1881581
4724795
3578637
918777
4312163
1400089
111744
2460839
640398
1314483
194562
1772879
4795805
3753789
143314
1638633
4136317
2416872
2492424
4958737
2187424
4073078
2563447
940846
4560935
2995300
4208629
372010
20275
75180
1027796
3929898
2500021
539530
2980116
3871513
121867
139200
1274947
1570154
4324038
1840431
4213956
2808869
2522877
2051555
3503057
4639246
1411730
395967
111622
1970540
2521334
982638
3794096
4558554
2036063
1130889
4367644
12695
2786410
3599186
3619465
681063
41913
4022062
4136757
795808
4576041
4223662
3151371
2821542
3883278
4269914
803542
3247622
2022186
1793683
3603143
2804271
652034
2715719
361321
4772452
1401103
761340
3945218
1688274
3254533
690734
4800454
3740024
3765866
3503597
142535
4356519
1878009
2009550
4447223
2524037
3538777
3086135
3422557
2225268
1146031
1261263
2743807
826718
3747004
4671520
4706532
2230496
1858398
248513
4080579
4909204
115846
2891216
421791
1604101
3692352
3856160
4328863
2390154
756297
2682247
3062261
3406034
973217
2454495
659515
3159075
3202237
3472940
2273747
1207124
2416284
2485851
1927376
2400003
4075654
119580
178088
2886333
3015571
2208694
1286083
1555815
874157
625475
3061246
1297658
1755602
2347797
4699985
2383352
855452
3120717
2875697
2183380
1107684
1387583
2640838
1567708
1234192
3145955
1138123
180078
4598065
1522880
4836786
3426284
781375
2723718
3278845
4072501
3803185
3235029
881600
307910
4175362
4573978
3106857
4377219
869154
4868196
2720492
4784525
57537
1914119
1571044
3718198
2720470
2944493
2197501
2855746
4076357
2030974
2775774
333653
4076806
3279618
1855001
2085251
1583415
4463374
1872423
3995496
3179923
3805353
2124362
2418319
1724392
743455
4127240
1452925
3464270
2373770
2008955
197802
3637776
3071143
750912
1017220
1438507
2199875
3543349
4555367
1900430
3410646
4072428
444306
3249089
2384762
3846848
3427332
2411234
772499
347712
3740701
4413957
722325
4664133
3509522
3731488
1532296
3503821
3049274
1031690
467131
521182
1524401
4129615
1787630
827052
964156
1844326
2420389
27308
1732002
4724976
1787181
3684511
737366
4598969
4399617
4291961
4385615
4972508
1263332
1573406
1680388
4407650
3210886
1839941
1515027
168358
1038795
3287871
4979525
1494151
1158780
2693873
3370383
3138717
4881188
725095
2688305
431195
4905222
1206796
4618515
2008014
1158283
4372772
424523
4953690
1292660
992078
2608674
668347
4849742
4645476
1801880
1662271
357079
1893549
1943855
1606336
4197123
3390757
3490497
4569055
2419219
4828013
2519104
3964088
4026381
927064
4650685
4149054
3994146
1779482
4281070
2732658
2162798
1216947
2365050
575402
2366085
3663479
4166935
1729546
2885817
513386
2052941
52823
1524804
3614965
1781511
4145242
1098726
1385329
4149621
2012820
1886442
2963852
2385366
4552000
4710136
1647836
2036139
3868102
4591304
4569003
3660539
152916
1244763
4687652
1231653
1862533
988687
4783991
1149864
3815262
3710275
3773949
3921833
2862210
2457636
1808920
2457686
2502220
2849338
2758021
4552372
2967702
3693221
1549161
1562029
3556328
234812
2026715
4498874
3232802
3384108
1345794
4591837
449186
1686078
484905
1481683
997779
99160
3715954
3643232
2900520
3767433
126106
2620805
660477
2131794
80946
3114276
3185523
4799505
2559742
3903586
4924453
2030888
4351263
3965390
4619569
4737674
4582773
1733348
4146631
2056179
1645373
3021296
3133775
3156294
2420701
2906800
1291551
4132464
911527
319547
3369613
1136266
1810192
2326245
2964724
2394997
545640
2198074
3448199
4558019
4704229
2804827
1189050
991489
2613074
3929997
3871037
4916946
10658
3299137
3418267
1544239
1007172
44325
4153099
1200639
3632936
754524
3380165
4876109
1156507
4437121
4934158
2098377
1434919
1209447
1211001
4218501
1629701
3649187
110601
3008396
8581
3564651
1630044
4776012
2531952
3991264
3693123
807578
3180412
2851031
3357808
4636402
2122875
2203878
4490079
686284
1529308
4575057
4673981
504534
4115768
4792016
1553943
2811806
3295955
1894545
3990686
1538551
4980069
4965915
2834385
2637636
3248798
3774675
670275
1304172
779880
988042
2947524
1464704
743077
2926585
9616
1419121
4623024
4377151
3651198
1286535
3344880
4953291
2664274
1551125
1009666
2257373
1288340
4954683
1056252
1734667
1303946
1604253
4544939
363698
2255916
2050256
3087344
3794448
210539
2540689
3448897
3022808
4122935
3335310
4817971
783556
4857480
918056
2085996
2549052
1630662
823431
1326392
780021
1668235
2932500
2889653
2565799
3970782
2026154
2119498
452638
3951526
999949
3939489
3633725
2555387
1591613
2780390
4625094
3980377
398757
1830821
1684969
2689928
1621990
64403
186557
1563205
3217697
3080694
4545664
1119793
2051157
3546816
1131478
1476946
741261
1682747
2084235
297847
4580498
4660165
888851
1538342
1982953
3172457
139580
3028622
4796370
2341853
2873523
2660355
713761
3869043
2733069
4594415
1926699
902773
1022204
519915
335101
2775440
1523257
4275168
2955983
1182031
1986772
966841
3382910
2933037
2908809
4584478
1629872
2442074
2701199
4030647
480682
1847919
3559656
968760
143730
4244457
3939849
3619651
2417689
233641
1016716
2617002
1698698
2329631
3182376
1493370
2802149
1894856
659528
583157
2299492
2692317
3129493
4731075
4016896
2846816
2037041
421328
4946090
2382938
1253977
4720989
1576799
3278508
2797315
1793623
1880173
3882339
4137075
3163387
747590
2048736
1123451
1174321
1727949
4700663
146900
2765472
2224598
3983970
1869460
1229657
1215824
1478408
4943358
25246
575388
269270
2673582
1148902
1545357
4437652
1831662
1083569
2668177
2703870
2341749
343237
1787872
4474807
511094
2020286
3307037
2292007
4886847
3643401
104670
1082698
4365744
1379019
3913428
2497561
651301
1725717
3776425
291325
3938340
838778
2737172
3677130
4004203
245445
4631516
2943271
633364
3493840
770669
2042991
3219978
4979650
1601036
2104546
553170
2741091
4049384
3224153
729940
2311163
3488276
2179691
4497177
4186910
1995982
2867772
472174
4736237
2570728
3119955
3220539
4801721
2438320
934283
56752
3062907
3456146
4893279
3490637
2279501
4729061
1287133
3092014
3772430
2155818
4587028
3876757
477732
2357437
2115311
2163084
1483517
2951906
3669488
1290343
1854459
3711525
3907831
4195283
4175309
4450657
3444139
61065
8685
1127155
3050406
402580
3112392
2815915
2319637
1959548
2393365
3609056
2447671
2855848
1151245
2037300
1190700
4083113
46367
3440242
4902082
3547651
471989
996467
2509525
549426
3118984
4718689
2392239
2416519
1660163
4854809
4030563
4220038
1787059
708061
3140502
2764683
4242078
3326538
1693646
1191978
4887199
3360221
3907421
2888831
2420967
1764831
3874250
4122186
882571
422273
4124291
443152
1429321
4724714
4488419
1194177
3652024
4921766
1109991
940125
2555847
942927
4337561
2676044
3018684
4195554
1661531
2871485
2816769
2634520
161659
3346087
3921934
3526795
3144272
690452
1355223
1921028
2104284
848015
1677677
4452669
3414527
277390
865905
649281
250233
2669044
4656026
606627
4492935
4045374
1798721
1262198
1712464
3598413
3909916
417866
3490172
1405374
500458
3478141
3405972
3547911
1488982
4230083
2413293
2035444
3715885
4096228
1851750
341205
3261249
377076
2910141
771683
2089134
774928
851792
2958817
2675948
2010000
4262204
2483221
2337247
727034
28703
3799601
4925623
1464655
3063203
4205113
4998937
4631285
2478827
1138365
2463912
1258499
703073
1388569
3518088
3447739
2307659
131388
2244708
4982734
2828577
732372
1160408
4661348
654594
369680
2394366
3566896
1577091
2103527
1400927
456061
1619187
440277
431423
2336794
2360483
2030401
678777
2112101
2282196
1722203
3732830
1914981
464025
237252
1663124
2320571
2551112
4011126
803074
1054512
3883240
1765607
716497
3881450
4073974
1954214
3669183
4118553
644637
1825501
601537
1875847
3081357
1401585
1040667
2266669
4910180
2666206
593694
3308471
3262170
2720526
490574
1806369
2349725
2194008
1253996
1021113
3858949
2246538
4587258
1869965
413576
8067
3941642
4504327
4763512
3939372
1500127
778882
1136125
1717447
1084405
726173
1023250
4112115
1215476
2801979
2624000
3924780
3985796
3899517
3788786
1944076
3459455
2428455
2361352
2208440
2537594
2702818
4790323
1311892
1873853
432769
3930259
4313356
3429582
1705281
1125141
2569469
2549477
4435932
2677998
3986338
1679686
1205141
987862
3537326
3852906
3553236
2304354
1238975
4845269
1710300
2587294
624613
2141838
1259521
442920
2439302
2751766
4388763
2991672
2570634
2919028
1284766
1879329
1756881
444903
929216
235006
811335
123924
2635946
4103117
1198303
4905419
1491585
1956715
48609
4229316
4876964
1345412
601191
2297826
592520
479658
208068
2472742
2036778
2868378
1105125
2177425
3707905
3347992
2462910
4941744
77941
2702326
4303744
1189104
4943236
2656193
4780770
1429723
3256600
4086473
2948143
130693
981178
1205174
3634609
618435
4615678
2840728
3027375
1523248
4131290
2714382
1092378
3399453
1074602
3569564
4311436
1976143
1206472
841991
1985962
3647159
4431649
3148759
2065813
1462613
3079445
731214
731666
278698
2699141
2010583
4227330
3893565
4817237
968617
1210268
325695
2552775
2866100
2968306
2802560
1060755
460232
4253549
2487622
517074
4886195
3721310
3496218
2191017
3781582
2770185
2096698
237335
3920338
4623862
448187
4194784
2962233
700691
380669
275634
3303695
3433649
3770409
1683794
2511161
3943239
2672332
2630667
1500801
1681597
1693507
4268627
4618194
1253857
398628
1130208
2359099
1106580
1727433
3567148
4813822
2955829
3910472
3869399
4119063
4042659
1385435
4782340
427129
1984493
4129293
4028580
4272757
4771964
1270191
3423997
1365711
2926311
985960
1148182
715081
368167
4235882
2013662
31502
1113678
4982819
4373812
3533874
644403
1799242
2856368
2775339
517265
169467
4655317
1677140
452250
1952520
861283
319419
98290
152936
3554008
581199
2664781
4807671
4676487
327692
2457828
2620052
2246077
3051915
3407391
3328001
3830164
3864329
3049996
2582001
931469
2603699
4839870
3136228
1071438
569385
1040663
620696
4114244
1808058
1990208
1123367
1942803
2098626
2947666
1459451
4959693
2613995
3636816
4967856
1113089
1586247
4783292
3351820
3513869
1824071
3961158
3994794
440755
4392653
1705839
4019278
2207011
3187400
2283174
4115083
2586502
4535293
4346312
3191736
340894
1002117
3177241
1021537
4032952
1930119
585336
513301
668145
4786772
2892110
428331
4919848
2327684
4524251
4353120
1685855
64712
2334477
4911557
1768930
3698493
1313870
668756
1605278
4120783
1536821
2267371
3779041
376132
1364579
4287216
3686119
1946431
3762795
4174789
4239716
1394650
890127
1647679
4519514
2702848
3736808
4224023
719101
4955603
4276506
137339
2030684
4894762
2642967
337634
922888
3165351
1635892
3902556
1038465
4594691
2640227
3486988
3187416
1234227
3384600
4916375
3049417
3909396
2744259
4939761
2372890
4023325
973698
1696690
3000603
2225224
2703661
111867
4325775
4947485
3128727
643971
4041074
4282107
3517433
1783042
1688795
2876900
3429297
3299882
4651132
17343
3983266
1748453
4743053
82035
4464592
4718590
4425179
1629866
10565
1470798
3590188
4898375
3884983
3782765
1142519
4743427
4942049
2331059
3693835
2760744
1310268
508161
2633913
825183
2186786
3623917
2044920
4378816
4639831
29653
3736528
2555694
869712
3924606
3470263
497300
4245108
2244170
2178
722667
1998092
772673
3527409
4705605
3301924
3321871
1525656
1702486
3612741
4320618
1415083
4877449
3535166
1461385
2927736
4208881
4481257
3692826
1637744
952246
708059
979804
4435272
3477802
2613558
3166868
4815309
6006
1641684
1336307
2700627
3358218
3098981
1754641
1963702
4470436
3560863
1667414
3131932
59082
3092390
54236
2968726
266456
177362
1536628
4951153
1296649
4512490
2377153
3898428
1372442
1904989
2138196
4292242
2437966
3142178
3742682
4253456
3621965
4001015
2678972
2176963
2584010
4680782
3341828
989617
3646020
2600360
4856233
1533214
4870637
1293346
2507301
2501355
2234841
4255046
239558
1216930
3654772
2800017
2904521
4785092
3812595
1872649
601336
1297970
4634463
3561784
482918
4900133
4912168
1781938
1003068
2191809
452567
515693
2440761
4744152
4047991
1978668
3768337
3690348
1204836
3543820
1638322
4759287
370374
577067
3871350
730295
3136885
1814883
1923098
3543106
722034
2601297
1454612
1892831
1335960
872838
68116
630571
2153536
1266013
154573
3628692
4792484
3770147
4806594
2817974
1118321
2415529
3865839
4282744
1987772
4109305
182276
1695469
2992393
1809098
4482031
3196894
1899242
165456
4601213
4222114
4057613
3378107
3215180
4200715
2371920
4241965
4167412
3865764
4385407
1823682
2872264
1651038
3821034
4756148
448757
3245863
3358068
3675329
1462836
2008355
2653540
3737664
3537997
4305896
3928084
1454580
164236
2115020
1326071
2624354
3470692
4579486
4948616
628843
1179854
4640124
9353
4257201
4098276
3541732
1358156
2286503
3348734
2443580
851275
310378
3513570
1566304
769568
833799
4847207
591348
4150154
1139668
364183
1631751
4426469
402113
1512045
3389266
3783510
2762221
2843674
1434222
3973690
1643990
4908668
1296195
2349413
4972450
609996
2460611
4640778
3296230
4682828
3626279
2175213
4455533
4405595
4510754
3184298
3269732
1855697
4297203
2702451
732713
1991921
3590548
523546
906445
2003585
550187
4274416
2720269
2698575
3856487
4501301
3283899
4547681
4881128
286654
4028000
4950942
2989052
2340571
747554
4710096
2577483
4356897
2700543
1867269
2380379
2380786
771120
2906589
4571153
3300397
1241154
2264769
2986301
1387748
2374820
262061
4557054
2782268
2621941
1674368
2564291
1571805
1143249
744856
759886
3998059
3911749
1921309
946946
779097
4234653
1883783
4722702
4862566
2477652
2000764
3969800
4053799
2546112
4075733
3924428
4791748
1775431
3240178
2777751
4158636
3715939
1516337
541598
4606599
51759
1672805
837072
1517130
721555
687697
4106365
1630437
3660259
581548
3725601
2492384
2949435
478841
2165906
1520068
2980251
984229
4796856
4387557
3516981
3758236
2262248
4561394
3557191
3073337
131892
1622590
4617366
4904531
3948167
1629866
1206214
1346235
500831
2707712
2423993
2964803
867709
3092280
3352725
4670332
1408309
474281
4093061
417279
21928
4898559
3323501
4173250
4087066
4591655
4053930
1984747
3470363
900617
3233141
475645
2731927
272818
1072320
4025294
1549157
2580832
4110753
1507204
2756960
811620
879284
3105850
3386497
3499285
1377373
276365
1648364
3947469
4735539
2434957
781533
36702
4594206
3355901
4166032
2564341
1584224
531116
3617497
1600313
618851
2693968
4615594
3041879
4610343
4880248
2026493
3496627
2426717
2256467
4176763
880912
1733956
2345232
1429150
2945146
2684583
2895946
2181510
3083487
2087449
4317526
1886120
2262585
29784
757489
4898683
3840338
1699637
1391652
3736121
3785011
4509485
1257031
445705
4214918
1443468
4731003
4376628
1518730
2082151
809484
551872
618622
3434336
4521394
4016500
1065952
2878928
409012
1338980
12939
778890
3143651
42790
1055933
2388308
147924
4102304
4503741
4419823
2389710
179787
736477
3475069
3936812
2165818
3098781
101862
2995284
1916963
3678323
2479852
1568043
1650773
2864960
380880
3592425
4675545
432876
3198289
1501752
3088271
4761307
4941118
3936926
819263
341045
1663273
2150634
1320228
293189
4137680
2412905
1380545
3223202
4434464
3298230
1608633
1006160
2074933
996118
2631220
4674838
4785832
3183247
4132260
1689878
951304
4427379
4121249
1850431
2309081
1097466
3942731
3144772
2339355
593409
2094383
761193
881775
4751091
2599115
3443970
1916698
601507
1514016
627001
957147
2793686
3415942
838715
1982222
3553813
621488
4840509
1508842
2569141
1397327
2472199
4078804
2875430
1734228
3960987
2234227
4465048
4564909
4608629
1015413
10362
2776850
956940
2330397
160805
1628168
96541
1711348
198810
4741010
1368183
3903070
558030
1123324
3681306
3645484
43267
4265461
4117040
3732110
4500814
2311516
3862908
3447477
352440
215377
4390339
1706948
2699974
4586116
3858495
4401335
621303
2527490
491607
3482230
3978282
1046529
4234278
608528
2299615
4684525
4531072
885842
327734
1113599
2276708
4944641
283448
374948
1532928
2262529
1142400
114740
555676
3651325
2831308
2817911
425069
246255
1841507
2395667
4216550
1784893
3600444
3116019
2297397
2556760
1336209
4493147
4362238
1945721
402155
2823443
1525665
16810
4076474
463378
3498707
2826870
1122711
4356577
95223
862690
2473799
4039794
4775743
2730651
2505500
2523218
388425
2906840
2720442
589955
1106552
2516589
557286
4068126
2809285
2649290
4152572
3703177
4970970
4681061
1440184
147522
717006
3168597
4655553
3253151
1811056
897666
4862648
2917530
2748747
3700921
2445721
1344540
4299649
1787254
3894996
24420
4506697
4016373
3412787
3216540
2461284
3159446
1775168
740176
2885363
1820582
3050627
171240
3424773
2437797
2566815
4855067
4220678
3628330
1363433
1423336
358084
4292599
3536798
3066151
4250395
2090191
221823
3361734
3460448
2366534
3990460
955235
3403298
4157684
397438
3298147
681290
1564603
2512171
4991411
3109875
1277682
1691014
4411692
1025126
3369995
3248292
4796167
1798252
3919367
3443207
4813445
1306016
701947
990796
1114365
849030
3927120
1456551
2189538
403267
2003408
3963513
3188164
822382
301219
4866174
4585582
2348751
2548285
4368473
2038674
1100040
4922722
728699
2504606
3631446
4127125
1782911
4152570
2280554
4239134
1833718
890607
4557397
1341011
291020
1927155
4925595
2668077
1657959
802122
2468838
1971929
2984206
4080220
4589467
4613672
1121721
421987
1176004
3145969
1261542
4256537
4277700
4622061
3019821
4669592
1394020
3082456
1750277
3672877
3926635
3828384
4797424
4185765
1084455
3863645
2844809
2576991
4588329
3816808
4828077
1032579
325216
2858003
4112720
758987
1313145
4671875
3260656
1429486
1258791
3350055
4327877
3031929
280838
3014863
2989741
2602834
2636798
797447
971681
2133968
865271
3299119
426461
890015
3450760
1934858
1481038
3779169
1816131
3226350
3290610
588762
1090796
4001136
3758213
864292
1695658
3790303
1467653
3793554
3687059
676621
4374298
1815817
362539
2842389
3290440
681841
1675043
925043
2781412
4067688
3001570
4379012
4639552
3312903
2808024
975962
4048419
1349883
3268851
2914695
1025149
1528386
4189069
1705252
1180355
3115011
4282674
4134917
2290536
2109113
1727627
2381506
41897
2523253
4897560
844363
3009368
3126541
3585221
1814708
1654573
617127
1912319
3260217
215504
1509899
3514994
1495530
2544995
2927029
1458388
1475057
2659914
488178
4992955
2383606
3777592
2087737
405875
3136089
1311734
1278980
355611
3049245
2865703
4586435
4784894
4513432
1583385
1668134
2636581
4158582
325199
470505
2693172
2555856
865419
819548
4305402
3323430
2386139
3775470
3798165
4375711
1601700
2269163
4736693
407279
1951191
4025357
431162
4157255
4435170
2891056
4976362
4382350
2638451
195622
3001320
3223993
4354550
2696315
1801551
581021
1652181
289717
1121449
3156794
3329975
3102947
4584381
1796478
2048453
210318
3531144
4079096
481375
69858
1322034
2032994
2189969
188141
3801829
576045
2480448
2563126
3243630
2316979
1863237
1989809
4964924
4456284
4534919
3937667
2967500
1781201
3068716
2049687
1779640
540997
4031567
1679920
4550821
1885571
2415733
3575683
3545938
3945883
1426205
3745553
1990075
1235134
3382652
3783010
4315701
1078901
4121865
4292840
2789441
2556018
2495091
2945140
1937106
1633090
214177
2839888
1769857
1744825
908290
4812035
2330156
4638853
3244447
3227905
3968350
1314501
226070
4002096
4082794
2834548
4372529
3665073
4799531
430729
3262515
3984749
3559918
2084733
1911383
4114363
4861276
2584815
3532031
691489
318112
3029799
790393
740474
2224049
1591084
2283732
4268036
1721366
4627463
4327640
819985
3287806
3581553
4006444
2636519
1834030
131498
4024160
3049965
3280780
2215233
4605703
845616
2601005
428613
2605807
1307549
3421409
4689994
2067155
1485530
3091558
1771833
4660915
2102895
487581
2507529
4925438
4954256
377335
4304918
4331958
1989496
2753974
374849
3235195
2315195
2731023
3064099
3268644
1665068
2974517
3006668
2837643
327405
3179071
4893026
1311296
4944997
3465036
2711402
2431560
4259254
4833324
3198193
4170977
1107759
2684100
3794391
901473
4269597
298642
3428686
48266
2397206
439886
2887765
123995
1065512
3480933
4532943
4285811
2274109
2226044
1929454
4366301
2587144
3697003
2577778
580996
104679
755391
3904709
3474160
2878935
3029753
1337952
2646185
3567792
3099991
3198113
404873
1313541
4375365
4449232
927215
4135904
2857823
1243953
3173560
3229045
3718585
1358074
996187
2673856
4563205
2282442
332562
3693904
2014664
305944
3633458
1730407
1387766
926846
2643239
3974407
4575778
4913551
4219881
3448514
3959902
1955370
3038230
4748893
3291175
943519
1710063
545808
2792192
3077290
111875
1170864
387676
1177184
915222
3753142
392341
1316748
1393038
2509194
201433
2692082
38762
1359344
2221657
3710843
2682529
1248777
1001029
2147970
3929619
3311784
439923
4988598
2595720
3323727
1638030
562514
573898
2371491
1837591
1744367
153098
4937205
4709132
3046586
2959726
2358750
1151621
3948975
4517425
1582744
3035631
2977997
3828265
2367431
3195889
2186728
506391
425016
803325
503755
367801
1751581
1578973
3816901
729396
2345049
3258536
2031871
1382799
1991212
3659250
2850006
4092521
3348624
4130915
2145153
4482831
169459
1129735
1695758
2016987
269259
249726
3439464
864617
4390406
751111
4264433
1677478
2267586
1790975
943978
1116644
3036148
130243
4067203
3866110
2095829
3566196
2781228
2665216
2633035
4518435
1623883
118065
2434517
4998566
3955935
3705099
3174720
2575117
4647786
3268339
3417063
2362173
1416049
3944996
4067670
3444420
3023019
360359
1514357
1084570
2130692
2893648
3079738
2766654
3783788
1888506
2901265
1787875
3351050
4685451
4370515
4215428
955697
2829337
3651345
2248855
2103233
2256103
4480120
3200778
1201060
4097990
4465314
3848787
4816626
610365
2824541
2231179
636240
3956594
1828499
2175818
908954
1010623
2943554
4990507
1258141
2980589
3518547
194705
4375002
4232204
2419567
4618592
4587621
4135956
3854885
3923029
690840
3696323
3567966
2276865
3132068
819680
351095
3964316
318609
4207084
2771920
1498052
2103035
257050
1583473
2214504
1866064
1618674
815155
3112156
4727499
3321195
1666807
3577530
4622641
3583992
1084250
368717
4716934
3924247
1570713
1347768
1005800
4137621
1419993
2113807
519556
2853703
4532008
850789
555224
2521538
2354764
3458670
1079617
2071142
4937079
430697
2394863
4635338
1842512
784420
660169
4569215
990663
1182385
263507
4983742
1629079
2553777
125617
1857746
4179531
2764846
1663576
2639670
1755698
1677720
3333561
4280294
2938569
2997756
12273
4054487
1268888
3339716
654294
119852
4234049
4248918
4832577
1309553
2064996
3168704
4574489
3191503
4227083
3862117
2606407
2370536
902396
3000041
2951551
4613702
4292459
3735962
299406
1920230
1222280
848773
2469405
1346198
3585261
54562
2475363
2564982
4451441
3202434
2006058
2128173
2647116
2035871
3588318
237596
2918004
859318
459323
2892646
260319
4995974
40677
3655274
4191055
4832177
790920
3244723
3728200
791954
4161552
4192152
1379547
2348184
2437863
1954150
2378498
2266379
3968418
195229
3027841
781167
1996860
1526678
2645775
483699
4676044
312898
3418634
4789333
2648780
4901683
1212909
3733242
3155156
1518690
534113
1911614
3311927
4160227
2567764
2326656
3112781
4192788
206251
753454
4926546
464581
3965569
4699969
2414093
2254298
4483993
3072223
4460085
512894
1345577
246635
3566954
3035641
4196648
3385838
4241200
2172130
4057002
3673229
872863
1480835
2013593
792115
3876646
3622510
2757959
4116223
425816
272354
3602195
3847752
4902394
2030817
424590
623855
4257304
4450579
469268
1091986
382671
2204141
582394
3815665
1134670
1887897
576595
2250041
3975
944264
2767280
1785937
719609
3617811
641602
2471890
3162923
4791480
4190235
2764385
118892
148984
2562705
1065453
1218591
4281929
1754704
112382
3655782
1967054
594431
3135612
425392
235815
2602076
4970701
4390125
2638299
1473922
2277851
1416493
183605
3400708
2241827
4086316
3348942
3511303
385140
2554928
1438403
4983624
420088
2436831
968438
4165
3850749
4953520
1321112
2984718
122541
895182
1702775
1854267
1283178
2868903
1944114
549344
1703823
3328814
4178030
584994
479200
3068034
4128133
1118595
211506
435935
3367911
4898227
2917061
1105074
2702862
2805750
2485731
2470485
2278414
1919220
351589
1778842
4758426
4882637
3492772
3477883
4498374
2414635
4932496
4660371
4132438
1915319
4258470
4895995
4576523
4983038
3166323
4956337
756530
3746797
871033
1457413
2783654
2954051
788125
2044147
3848464
446902
3025471
701715
1810652
2889602
3204386
3269203
4007508
3493285
794890
2510579
4339294
3611597
2254401
1534324
2868566
3628763
4026076
2214650
2314758
4806067
4339919
2643362
2046573
2904091
4877648
1751658
1313337
3132481
487795
4599098
161977
1181231
765545
76845
1886917
1614605
4303130
4688510
595167
3572130
2371029
97067
3674508
4270364
2730467
2331886
971072
3742635
2706559
1034491
2101720
4798954
3097832
4738989
1352193
442132
3068588
4012238
2962001
1100051
3216827
2444976
29021
4153530
1773073
1114637
1170861
4331777
1026173
1579056
1502767
931724
1608405
1150762
413994
739908
3817235
3358360
3874724
4185180
1346986
593243
1376730
2867907
656689
3036695
23471
2118262
598242
2435277
1704569
265227
531624
3650802
3083526
4505096
3259969
1019005
1499364
4061905
638338
2281260
1364570
3141992
3762590
2076828
3524535
4350361
2784853
1155642
2843960
1154688
313292
411218
1489797
922533
4933189
1634633
3452363
4218573
1380542
1608729
3275383
638005
3476357
4344430
4549428
1759756
2027238
3564372
3615841
763187
4025209
2407063
3568250
1769067
1475752
3024801
1347029
4214663
2147636
2521593
458468
1661991
859408
1061073
4543642
4728777
1509418
2922020
4622984
3066252
1321881
4590165
3198999
389755
784438
2819776
2628557
4326417
1710579
1132473
3894675
3874553
1391782
1465011
1753485
1650549
737875
297534
2372604
3607338
305536
1228401
4183105
977186
2876323
4488141
1918417
4704847
1089698
631262
3131003
1514752
910673
3799095
1371884
4516100
2673910
4388689
677080
4576390
3221284
4049240
3859035
3550735
113234
4212420
2710820
3952251
2282215
2160756
3013094
2893409
1450267
2347301
415149
4956680
379069
4573507
1740375
3161559
1705641
3674467
1345373
1963948
2883508
1840776
4506591
50940
1933635
433027
586978
2241277
3373505
4790880
3700738
197976
666025
2652429
4874994
3152494
4666002
254965
3543069
3443980
1398895
694645
3714794
1394556
450631
3971365
3587479
1272410
1190342
1768256
1112033
4234044
3696467
2626553
316614
2092447
2960611
2814745
4456354
3625722
3330819
3835750
1295096
4636445
1225934
3015038
4119300
3597081
4048482
443233
1137438
4623178
4720336
3277046
3335920
3684411
3025628
103319
600237
813651
177794
1907596
107385
3201041
1595067
2573289
3490295
1845714
164049
2259487
3031243
4537333
4982664
4397975
1931988
1658144
1631468
3557603
238201
2275135
2244183
4736752
527070
4751976
3354027
2047521
198499
632250
1918744
1018611
1250317
2063178
4639527
1787279
1582014
533407
1494350
2179995
4006171
3279362
1130466
1137102
2298139
2489069
1067157
4567021
4158176
1171144
4562591
4375863
3113714
3017037
2224457
386747
1322289
1654200
3984407
3690319
792388
1115607
2991893
3700151
1859510
1234222
4028278
678794
1741858
3710488
581630
2431337
2902781
2371550
3702761
731341
3486361
2597990
4870168
4863273
3457833
4821570
1650774
4468459
1479674
3524367
459406
123240
3066481
747810
1917669
231764
983693
2965953
854582
792967
269328
4310504
2095104
2944217
2852843
2440689
1456989
1450404
4927223
3486216
1855322
2481733
3293588
2648445
4392590
3432410
1561247
4747098
1016473
70410
1483654
2752829
215113
1870650
4810509
4322164
3241138
3330568
690606
4571178
2836380
4525139
124367
725639
3776610
1414843
1037935
4747053
4294374
1137422
4879438
2307941
2151547
214927
3328816
3857792
3630216
3113727
2482574
1191866
1104623
3847517
1043158
372184
4916903
680315
635377
3359227
994252
2452728
2975599
4803925
4038347
1557682
1462274
4374487
1515937
1111240
4390157
4634148
2522143
2550697
4651298
4068032
1361939
3541970
1191027
1877047
1245993
3491391
3649033
3718285
227426
2494516
619514
1944109
3037026
3384749
1490331
3992141
1426158
2279053
3313823
866494
2728624
2411164
3093478
2809175
3496898
3073713
676346
3469307
4698736
1616713
1519582
1887110
3409866
4999457
2739216
1289033
4319607
4386460
792563
923052
897220
2471074
795039
4747970
102314
3135914
811259
2940628
4831030
3064890
1802883
3468672
1851880
2667028
892107
2185031
2452371
148106
1633908
1255431
3615178
2094654
4400881
4920943
2046992
4531444
2150040
1048500
804522
2788500
3499184
949281
3033101
3801091
361554
1344485
2888358
4458455
1462302
3860098
780055
365111
519744
2836271
255946
4335755
1505905
1919150
4866468
365804
1345155
1238077
1100489
1970677
1210450
3128152
2825727
1313074
1050479
2266254
1553599
4960028
896243
1825223
1569222
3257591
4651199
3806071
758183
503674
4034166
3645760
3436738
3811585
6491
798098
4572015
1591974
2918153
1756509
1271096
3901621
455227
2294361
635273
3869239
2795378
872566
555235
371147
4576244
3013836
1905510
368976
2845248
4147654
2866978
419358
2657578
2559192
3216860
2508511
1358013
2126431
4582010
97590
3286465
4817289
2842462
1224520
3277249
835691
2592983
745919
483545
1414256
556103
705713
1185241
747126
4605770
104037
4735735
47890
531553
1215488
326477
2621019
3581919
3500127
3065588
4898805
2273465
387732
2083861
3799037
2722170
1285958
521211
941554
1818010
1325245
3147918
453329
3313363
3792452
1812343
4641798
3649446
155735
1455812
4151036
698784
156102
1534361
3540169
3075741
4109098
2058721
2632547
4519561
2129315
2351731
2472191
342105
2115066
1285601
2007037
2243741
321718
4843940
4769971
4844870
4466155
3144132
3845559
2708908
3417825
2827810
4727776
637282
1222080
3047527
2769382
1779596
4575330
3975614
4752216
187423
4467931
2020846
2734878
1235269
1007112
3918386
4309902
941016
4942988
1690230
4284262
3108278
4935044
3495839
3179761
1914801
3159064
2063473
1765130
1069627
3100900
2549859
967761
1803945
4279189
4920581
1141721
4745189
1996503
2612044
2401266
1296561
1982089
3792825
4237389
1775519
363923
1193157
1222836
4311642
3962067
404346
2344848
3066385
787351
3937159
2517924
3982296
2538802
1678514
3595510
2931366
909146
3832380
388728
607435
288817
4550201
2943258
76401
3605767
4804846
1258680
3742535
4262223
2028767
2332501
2431175
122310
1677675
4403833
4886938
4067088
839036
4811538
3391015
2557065
1258777
2561935
3635845
3654926
2404314
3507424
1869781
4816069
3129814
1673349
2825351
4868199
4385933
4833858
2219407
832422
4271545
854593
2971571
4850170
4166119
1840353
3300606
3034751
2714937
2174863
2824934
2019084
4676
887317
1736828
3132175
1854104
4779967
1696743
2215346
3707395
1868891
2769613
4677157
2800561
1321433
3352957
3110784
3113667
1920170
3496931
1462473
2124603
4317031
1685157
719503
4505037
3260553
1433863
692300
466175
4374378
4764804
4575621
1205719
4748697
4475819
2438372
1928259
4651492
4110736
2169893
1334708
3398130
4005625
2302707
915922
3288966
2398715
4329934
2057953
3673794
781126
4557333
2858641
3976156
1074717
903042
2995882
3901946
4679020
3404317
4819532
2522096
1528104
295945
717627
4227939
2526176
4023982
3308962
868567
2627899
4857959
3225098
1155908
3011821
1676028
2641456
4493456
3367376
2490869
46857
206450
2911544
48453
2547084
4387998
2414036
940851
4937666
1562046
4005522
3102306
1597730
1525794
2396649
416507
2450751
2504914
665945
2896537
1091705
1102265
4356610
502493
1748282
4677286
4321051
177608
1729352
99591
3711134
1817498
1332996
4018952
1825245
1147897
2673919
1979336
1282858
1828821
4718812
4438168
1635201
1430599
38862
170622
4886051
1490194
48581
455711
3669132
2526948
2617898
305516
2151593
1071219
2905491
620735
2989883
3087607
955786
1259416
4996998
1108231
2747904
2351017
4075893
1701805
525083
839474
302868
4610753
4518375
2253301
4814258
3303163
867800
439387
855934
1175051
1770743
664946
174114
2758016
2198431
1072171
2814605
2158409
1400400
51227
148933
3702220
102108
4449828
4627226
2495079
1742993
511795
42836
1208074
920252
172522
3190103
1701372
1910618
2414317
1801459
3700120
1330771
3492216
861008
1855736
3122321
3118416
1402518
2518195
3016429
1528731
1194449
2366464
4767968
1746394
962438
3822164
4603005
899617
2843847
2098828
3909321
584595
1143716
1554779
2412495
4285815
2569818
4823764
4195053
4115239
2537447
56797
1076743
3092488
2331895
392665
728570
3930092
4384448
1373335
2595701
4592452
4508722
2823912
1259099
3386227
2367260
3835580
3430022
4693147
4073742
1774840
70166
374086
556482
4294565
320247
1909249
154464
160240
2422475
256524
1306787
715067
3915193
4330044
3597315
1110519
3020173
4672060
4731366
1855863
496228
3171166
3883744
3981764
3322933
710808
642076
4751680
3006439
2679950
4639414
4257930
4734433
4060440
2338268
2612523
4446115
1002867
1836153
4096624
642624
1139796
2796991
4502640
4006425
4063786
4207666
541037
946544
3072989
376366
69171
4701799
1687065
3977492
3018363
618061
459688
1084880
857943
3109834
414582
2841159
402273
151307
2310124
4856704
3349871
1244777
95229
241879
2412881
4790015
2157532
3137476
1714698
4407034
4901682
3202675
4868934
3046125
2976465
3206842
904381
2017619
1702476
3711267
125808
1787189
3320718
4914615
3248361
2619037
2304661
4944326
4253126
3090929
4626196
1983946
2798873
445623
3284842
3635470
2326251
4469384
4642125
2606580
2124866
317699
4392536
2174143
4323894
3389790
1248126
1417974
4089159
572927
2012387
4092707
1323850
101651
3651433
3492250
3059321
3563369
971091
325613
748325
3119444
18822
2933548
94190
2557873
1270697
66751
1342959
4143239
4832774
2666021
3622177
3189001
4419785
1002700
2486487
595528
1384131
4955571
3821184
912450
2608983
2544867
1333708
3397618
2297122
3428074
4606421
510852
2579790
1165413
529251
1241873
4725640
3610477
3161345
2675278
3951844
3767721
2793021
884667
572824
3038946
135325
1532298
4777453
2497136
4070813
2959560
3389618
4477447
1728955
2366933
4900812
2390961
2234248
384829
128552
426239
4247634
2028062
1408491
2085994
3646656
3173914
116899
1130398
1721765
2560614
4235269
4054998
4960461
3390375
3308341
3565401
214169
1663408
948070
1586134
518074
286458
2651912
2885479
2439952
3366588
1289477
4835055
207967
2207524
408365
860175
2005167
210719
1018360
1063407
4156636
2975472
459925
4293424
4704344
4403799
1292573
2843819
4272159
2839299
1131419
3712144
2755853
3441978
3947917
1323265
3946469
1038761
1276839
399236
3016469
4458184
4790460
923251
3660354
1519546
1722884
3645576
2983442
1030659
3352441
2422988
410062
4243635
3377660
2045585
4091149
2430857
255358
85635
3190370
3500636
1958726
264590
3666669
4632049
4426142
1612720
2711328
4054213
1088867
4643510
3674448
3072258
1646226
2407046
3734692
2294772
455774
3387611
1735280
2073291
495600
2217895
3456578
2748099
1620667
3161377
2707932
2979544
377205
3616692
147103
288382
232048
1465771
2466354
3900816
4600155
381496
2705640
921682
4653613
4227014
466106
3028629
3768002
1044175
2114879
1473352
2779588
2986910
2722550
4766193
722505
1687302
2220331
4463775
497225
2194361
2430358
1233127
3170173
829191
797151
870028
3617994
3789901
1684222
1573585
2338703
2081967
3438886
2924530
2686017
424234
2231375
1140090
4879347
984016
766660
96950
2417624
4257669
4831049
4224977
1732925
4741314
3031862
3082512
836544
3699772
3807923
3601984
919710
4292506
808261
2916756
1186311
3062617
4738048
1117482
3773381
4434853
1453775
4583792
679928
2201176
2454006
2812224
3964477
2892765
1469385
1391684
1392252
1937701
2218941
742990
1888887
3856651
1658003
4211477
4690011
207742
2616432
3777303
4487260
461335
1394000
3627434
814677
3586337
1030663
1056894
2226271
3682178
107251
4755784
462555
3256405
2670551
4443580
1126057
4461858
4238249
3351817
4985370
4841732
4592920
2923395
3298859
3443555
3938441
3429185
855645
968299
2229094
2936096
4022466
4458460
14089
2989503
1452935
3448150
3528980
4754982
3254369
873763
4149486
3583083
3744375
2219314
3839424
4874204
4612949
2818204
670854
4686950
3676677
4458683
2923542
1837526
2943115
4540135
4657965
304634
1109117
689481
1367426
1186399
1115666
1463538
3551992
435839
2118619
2210081
4572696
2422607
1512360
858388
3725483
1742436
2779841
1961155
205963
14991
1845215
1872132
2706439
3228142
1957100
4352083
1483041
3456725
87066
3246353
4860170
1446805
3929495
2810330
2670572
4797183
115001
2794245
2849242
1185830
199566
434398
2661298
925916
1261536
765181
4087415
1555655
3467618
356202
4600462
3828865
2121989
1326205
1617807
3730534
1494564
2611441
3078326
1532343
1571287
1148876
1178098
2573934
4872502
4727224
1529051
1769965
1307466
2394966
1137331
745935
1387590
1975570
1903881
2799773
4529979
3838167
730597
25880
313557
2334423
520816
2004872
3405749
3392762
4056982
946074
3890827
3743086
3242396
3082955
4055256
2820599
2573692
2291666
1746661
1734523
4473348
4136698
162373
3494799
2094210
906587
2780949
3407389
2698145
1994684
2803401
573787
2716420
2894603
3046455
1894101
968040
2160424
2130073
2155060
1068458
4950143
720053
4878994
4472976
2583316
4099560
2070138
3204020
2614762
3156034
545583
2077714
3117555
4757138
2223074
4868272
3681655
3307944
3734694
4314209
3823032
1656441
4210015
664588
3756211
3597825
1996166
4020463
3345360
3379689
1473270
2537351
1520816
4400627
1022837
463759
797914
1507830
4645092
4617113
1621555
1235013
66775
3783719
4420499
3894759
2797149
499915
4597371
653392
327078
1598157
2023408
508785
3254457
4526401
791030
2236886
685001
2263855
4345673
1652735
494660
1694392
2625702
4349461
834763
1876378
3369277
180270
1771525
515967
416630
458865
1191126
1158581
269187
2420297
2974979
3244029
530022
2211601
3183612
2757222
4270205
1294985
55732
143586
1493901
4505616
159688
3983052
3875965
668413
1654512
1358222
2116098
1701460
3134629
414424
3250852
1530122
4654226
138209
4334349
4995131
430089
385355
3475669
3522128
677586
1278085
2066526
806816
2549280
2719135
303435
2692786
4935636
2470346
4889898
530402
438435
1738339
3798848
2292135
1671142
4174075
2222662
3941085
2968612
1444902
4813246
3629280
3668037
3483321
2192680
3383700
4803535
4081098
3917034
1329164
39566
562784
812209
3156640
269592
2345431
3771771
560803
970044
3336764
1437584
606249
1352368
686346
459597
1842084
2365512
3964788
4055146
1448206
1238106
4578034
1463594
3478403
2643950
1726430
2640388
4868903
4080973
2518123
4423496
4313260
4665432
3716270
2022417
4802667
33036
4476924
31966
1156828
2779471
2849588
3727595
4431778
2772568
2896031
3877008
1520892
4460891
261292
2583374
3157609
211207
491459
117887
1082277
4868427
4726573
650708
2492185
3066635
1469747
899755
2899460
94499
2898321
2231829
172609
2825349
123313
1536437
990229
370193
3677148
52445
2115961
3911179
3566033
3017282
1763587
844135
2008982
3775646
2222494
4743968
4761315
2250961
145403
4696079
4073932
14593
2479751
954501
4699743
3532911
769431
3836706
772593
4209644
4129609
2301538
3177233
1764798
3555535
724017
4951421
4446704
319375
718567
1108501
2752975
1806068
1436474
1387539
4716651
3722489
4258754
4537092
2933966
2777507
3795420
876205
3082497
3594633
1275390
3478224
3654999
1340233
829863
2495144
4693620
2720151
2176251
17483
4620077
4763905
4598516
184894
4697203
3199354
2998990
4495343
2077969
1911514
2089965
1216141
3175568
3212951
3227963
2513289
4861846
3878676
505089
2113144
1143758
2414831
733397
371422
2030479
4238204
331814
4071484
3656106
2105026
1600087
1108610
2115737
3935219
1362475
3459862
1223996
4896366
1430340
3772793
3946705
623310
3759357
4200423
111357
3938313
347940
3308252
4712791
2533233
176818
2380374
3622175
2188039
343681
1563539
3162229
1091234
1670826
4218648
4085845
2256699
4147126
2446896
3297636
3472300
2501141
505653
1862572
816321
223016
2389537
1102179
3081152
1790180
1268396
3426650
2685254
4131065
4559402
544239
791904
61150
3230479
4134761
1629398
2096231
1352715
4158418
3064270
4310695
869030
155929
1163658
760634
1204569
1475177
1365010
2566105
4428224
3609485
376941
1513801
2521576
3227952
992883
4644809
3729318
3744295
4050758
4292735
1778396
4160849
4996277
1676977
925317
4669189
2059955
2387379
237308
2763497
4486674
4663992
4195772
1699278
588483
2531621
1387056
3614159
559221
3282880
1499949
1931513
3178240
3679937
4643973
1604930
1241247
1177315
2622800
2109300
3500515
1233265
2197861
4662354
2156952
1323908
4837005
3887106
4004313
4236057
3105866
1933029
4303794
631912
103442
762906
3170262
4796269
2293330
3435838
704728
4299548
860476
3610717
3221892
1954478
4740009
4919663
1806087
121076
2151058
2801811
4554390
744251
1424950
1328264
2405246
4914466
942315
2579696
4383579
2892851
3399732
352379
3775582
470870
4134227
2610007
1145571
3360439
1975143
3987714
1340937
1685036
3162775
191207
3411175
3766370
3695749
4822997
108804
3957445
4060428
1493334
3601625
2462443
3103209
3070726
610001
2494330
3227249
4142490
1509470
1131666
2182950
2788760
41907
1177010
3131444
4314959
3692828
961324
3752395
347467
2533502
1190192
367271
942533
491983
549151
1904355
3586670
4332044
392148
637942
1163147
386259
1720185
2952578
1199547
1183660
2177332
4410464
2780892
3044109
3959516
3457894
584948
4999966
4209264
2589012
1259704
1247795
4891460
3389842
897078
4028459
1700398
3580235
457264
2452332
2906368
738296
2796354
4443854
2818788
1069000
2575344
4861530
1459818
2731819
2691459
129489
4309751
1685631
4723822
1502260
1226
1765365
3987715
452643
4942419
2741561
4797150
629579
4989618
2288998
1395282
4405176
2237194
1582713
1883034
263215
606275
2730955
2751675
2548383
658834
1025778
4270764
3616115
513834
3139710
4654726
2325147
3549124
4921264
4161411
3925620
3323477
2114808
901732
3195680
4301298
2496435
3445827
3978753
177522
3877430
3714164
3573279
2423602
1965308
4130630
3014893
1655497
1463283
1100920
2875957
3584893
2624419
1202702
4360084
3393591
4384408
325254
1232120
4283385
1923798
2760975
4783940
3676671
3936701
4736222
666561
1620374
3952570
490640
234555
455488
1588550
1453832
3400900
4426081
4912086
3363881
4777289
416072
1308299
433554
905177
1333994
3412392
66746
587539
2971570
2969585
2576677
2613268
4873547
3783921
3206069
696055
2647798
3626520
912257
91956
4720503
1141845
919396
3262617
848960
3915309
3035441
2801131
1837300
2634792
1984354
3761455
4232611
356096
3698099
11698
3272548
4274450
68762
314061
1911381
3374456
2451404
4722280
788088
3602192
2057952
1435098
2482251
1829289
2553973
1731009
3775987
1484085
837927
1539032
3358365
3691315
1333924
4401142
3791326
2861466
552054
2442404
1909438
1649247
2216484
3377157
4735825
3190724
4045654
902827
703781
315326
2250513
2967179
1867164
3498683
3281926
3128907
3141861
954729
3959873
2286088
830228
4845539
2182942
1802097
951777
1038114
424908
1815328
584252
2530444
3812302
4211377
328633
3578092
519143
2167343
3573520
1915591
703581
110497
1504698
4352031
1568584
3876611
272394
1390639
2697911
2107560
3659689
2380078
2604957
3774611
334973
532825
4699540
1524169
1650432
83239
861150
3298861
4321055
3001597
1938861
3513918
2603863
2633284
2278892
623505
4657234
4491843
4904574
638292
2157450
1661110
3356747
1017903
1959710
3226625
2185268
659383
4037111
2012406
710702
4352136
1098253
3864824
3764898
1671367
3509075
3453766
4194301
2556262
1622719
984496
1639941
2877828
2606612
744949
747167
2252995
3125442
1552382
4529744
2360153
2309123
4009814
719468
3440856
2847752
4776387
2348735
2326926
1053925
497518
1190820
2779794
3840218
1930511
1654652
3260275
3782403
2267000
4166172
3303782
3846751
3312518
3541298
1540253
3212140
718215
2522974
3926619
1964388
3612549
3660371
73054
212231
73910
2307552
4209215
3256123
2392319
2538801
3472869
827187
4168477
4752547
4633945
1649491
1812707
4697834
1962138
1109691
2518536
1472566
1620358
3214997
4153384
1854863
4573011
1377403
2578769
2110672
3011521
4706499
2204505
234297
687016
1517806
3051285
3337096
1636099
1674557
4398972
3851881
1343787
3673672
3415029
832660
3791145
1559876
3265134
3432344
3403072
1654264
1545782
48278
2992394
2782008
2365735
4603761
158899
1242932
2474993
3736450
3638142
4496690
1098240
1081794
3060571
4028387
3693444
741336
2569339
2712695
4583832
2148065
1102610
4691497
3365659
972932
1475533
224843
2025299
2907874
2293674
3334007
4482860
1695386
3324505
2837957
708179
642717
3690915
1336408
2390838
2914516
2788424
4775833
4190124
4689582
66420
2343036
2624498
4643480
1509805
1169593
1089325
4051478
2743403
4966206
2437565
3969067
4617482
192044
2015316
1596223
1594340
2272541
34012
4023835
4008000
4420148
3127362
1204860
3482693
2979117
612079
3090602
3353323
3657220
1052955
643505
547892
2141749
3564056
3844342
3707589
531873
2967403
4865887
1631510
1451443
2099590
4277761
2920025
828480
4683890
2781784
4001832
1906084
3220142
1938565
4000608
4475738
1780069
289254
2815001
961003
820207
3748839
4859515
4018893
2506804
1019469
3962667
503434
11836
3517210
3415191
40273
2402916
3303508
4148126
907674
562676
4792738
129757
1303455
2580990
3111275
4556714
3209796
4512716
4139506
1109786
2799627
366142
1813370
4135558
1439509
2908990
805628
550208
1356769
2356552
827224
4961194
471187
3582292
4541496
2549622
2219936
2915007
4234946
2054479
628576
4868899
3851020
1422750
752136
1579658
398655
983809
2827329
1123046
859692
3064939
910587
529971
3526752
1118363
2066957
1080112
1323775
2896751
941303
4016078
1274616
3013993
3599821
3400794
3189980
946555
1266959
503161
3514444
3806393
3065779
4066215
3316055
1465875
3607220
4386168
559646
496195
4584416
2734450
4687123
2149692
2634024
1294456
87759
1045003
1454596
3794965
3509128
2672332
155786
1272778
4011162
595416
3971565
3796446
2051042
2783197
585341
713856
2352583
1922504
795143
1998026
880876
1012645
3460648
1874370
2187557
2395647
3693529
193360
3988916
1718266
1650045
2883957
1712887
1437873
4605340
2521928
1477382
4452191
998143
4752264
119215
2097822
2983647
4768147
1274181
2298881
4007923
2437785
81334
3351711
791953
3645517
2751096
4373426
4423572
1373227
4273969
4003480
3315408
3227860
297854
4799114
3088687
4793676
223135
3748004
545125
331199
1541557
2778326
3168377
2992723
875373
2407640
875561
4829818
1171032
3843255
2664750
921197
2451192
808956
2193251
2127689
3406068
361449
791858
58694
774330
4722721
11503
3186312
4906087
2237264
2651110
1164174
2331631
233117
3832384
329720
1938235
1462107
866233
1933430
4875007
4586726
3569002
369635
4944889
2018210
2346307
2403940
3831871
1360734
87950
102794
1010703
3342638
1823365
645692
308394
740470
2424729
483712
3081051
3214064
4652284
402958
1920672
4075183
2830786
252185
3817308
1432846
2503587
4547046
4662458
3826390
3838751
4140430
3631370
877852
2937436
2671574
2862029
495622
1282315
3885537
4779281
3404309
3799558
4834300
2094611
1589874
3291335
492409
22504
3763774
4687927
4979219
792872
4868210
1167111
4098714
3601956
646716
3147404
4416037
2797168
4397835
898820
1330301
2044062
2373973
1392400
3478755
990965
364131
1097412
2501169
1356416
2840944
1461509
3716305
24365
2804317
152331
2630200
3343137
4708465
3196411
4113613
2197178
3550289
119123
3241052
1748996
2688037
4034232
2115891
2094161
3446626
1011923
1305565
1078488
1383591
2508084
1495414
4108425
1202609
1481993
2443045
3433258
4886156
1731331
705172
397069
115499
2270345
2967407
4720122
402940
3060666
2218085
4697073
2708806
1939627
1203658
1759669
954270
1432099
4569592
373589
4502915
2328224
3942349
3091330
2681965
4658956
2781103
844567
1560098
943982
2095290
2986540
4069081
2015862
2979096
2707098
1810089
3882003
1278567
2848765
1171724
3366732
2182991
1304381
3386927
1727620
4099990
2997278
2295159
1738397
2212546
3255663
3276104
1692133
1392536
3982972
1503789
2222834
2361860
4994993
2372007
2229080
1379656
2461075
4329095
4660382
329983
4649259
259564
3299905
2418705
3678352
1530593
665945
2444760
4290838
920241
763108
3577329
4551696
3170527
3235418
1903049
2831723
2134774
3130536
4479671
3085187
3452491
2929824
2543353
1441855
618720
4431000
4804293
1344216
3282935
1113331
3636840
4271969
3499628
1576522
1934568
1499213
3866659
175946
1956889
4130421
1850288
3961406
137972
3923776
2953393
2614072
155169
2055410
28651
4781859
1389786
4812130
4317127
600450
1799212
1698981
4038160
3381951
4604521
142020
3954356
4778266
4548186
2898232
2058873
9971
2627590
9255
2386365
1913824
3387802
1268481
4699609
2336142
4116999
1371345
486790
3822046
3784095
1158505
3578089
4800401
311814
4846225
1173837
4215921
2209252
1951657
145291
2314181
3652873
3459073
2239584
2906399
3798451
3407698
3395338
1187023
2453606
353307
3547527
4095834
3830434
434774
1182675
4013931
2400365
3204597
1483208
4578765
4463674
1688863
399990
978512
2898585
3169714
3756796
3445923
1266867
1006593
4408672
519054
4360253
4127749
3840878
4095285
1153143
3604715
4400751
2712998
1195439
2325927
634630
3426314
1616092
2707896
3924078
3261973
3690694
1949168
4448986
3183476
551128
988765
2731803
180866
1160470
56887
3762995
2398216
1025716
1352333
4589383
3344881
3138988
333627
2709277
2537077
3799316
4392873
630196
3307200
4310150
3268538
1743946
2191228
4619576
2726949
4047203
4469953
1712181
4620201
4329203
3981896
607000
3411490
1407614
3396033
4683455
1492607
4120314
388042
2941458
2749527
1175909
1467240
4098498
4908425
4086517
1045074
412285
4351656
3186062
4138161
2941668
1205632
2907068
796288
2704380
2872279
1663740
2129246
2956015
4632380
840158
3204349
4137945
4119921
2949558
1387728
1271333
3291298
3186940
186326
3053244
2483513
2441757
3167545
4365968
4117255
2495014
4122437
1660549
4723994
2867920
846994
2666212
4933623
1280284
3059519
1585851
4288786
35885
2816707
4309199
3948473
774409
2868974
2478854
925820
4230076
867357
2614125
850659
2506121
4895599
337919
2972063
3085230
1083842
3602023
2010651
1268289
809890
2568767
1871151
3373292
4544767
4249547
4938352
4586129
108691
4328736
4471989
918672
1914617
4222809
4848417
1630225
4189133
3265742
967450
1468057
2782284
4596713
4661766
936321
367132
4099948
944553
2806849
3223592
3898921
2770743
1047974
4362278
4494027
1317270
2694637
2154029
3211136
4187049
4690787
2251942
3813573
4484251
1020459
2096999
3917108
3248341
2554580
3664338
4004454
1476170
2246477
4350064
3878715
26921
4477976
864494
874667
1706123
4570982
739209
3542168
2111581
2785303
1182594
3812403
63320
1170778
356144
1500691
844442
214856
3278349
4139861
2802339
1102619
2767358
1775508
3701903
2979501
3692211
2181816
3092840
76976
4105438
3947637
2483363
4124733
871885
4280108
2794364
3727103
2726965
153152
4741200
499606
3414834
1873239
1824318
2507088
3642758
2885485
259918
1467556
662367
3030762
1062
68411
2698350
1390511
933863
3547220
225472
4999920
2494485
897143
1281702
3084478
431208
3993408
1172210
2053341
3106745
1899260
3968351
3780185
4210441
3285554
24502
1701694
1374048
4893382
1741626
2654441
1409785
2742048
1503599
1465427
2844544
3513006
3641018
2143507
1126043
3943164
1343678
503295
3232860
2539776
4654309
3923829
1200225
398055
4611792
4017493
646895
3400716
3487593
1604759
2365364
1999283
4164375
3676844
187610
4675830
4310968
4582557
3253435
4795881
1620546
1849355
4565589
1928790
4117209
3250035
285733
121598
274626
3450619
1529483
461176
4324099
4178114
4754472
3849773
271773
4303194
3869589
1027002
2002506
633656
3084657
4227474
715811
2223070
4544213
308994
729130
2678342
188917
965004
3278638
20637
76232
2272806
4524303
1317214
2146613
418323
3315776
2674450
2703834
999687
1102392
878615
1810921
1722419
1322048
3984449
3255595
1239657
1243296
4402161
597037
3618006
2165226
4633524
4814469
3952954
3228271
531357
502314
3162143
604324
360326
2853210
2787873
3622156
511207
311853
2679052
2168012
4974716
2499157
3585682
19042
4805207
1678382
2786668
1282937
3696912
3191196
319829
730753
1423614
2356692
2838992
2768927
3444976
892194
4085590
4271025
1971177
3043498
2027780
1519673
4476012
1130894
62416
3919880
984231
4159446
3716073
2080801
2880790
4620291
1257566
1956588
684988
2395381
715926
3577583
1336075
4278109
3530776
4983636
3587718
528661
2702159
58176
96949
4572975
2618169
2878973
671899
4526928
3699726
4072318
258564
2043070
