9956
29368169
9022862
45550137
28934348
6532494
25030223
19819839
36477923
41920825
3574168
21128594
13503904
6478245
27014316
23803416
42699407
40401047
6056402
15504204
2681880
33374871
9198745
22672690
29310070
148945
10294392
4193183
33862337
5118021
14958120
16172532
4223749
25195990
47059938
34220209
39480624
15235727
19189959
20203402
27530660
46231561
31367209
34918721
7662693
26179731
17464198
18798859
21176559
26168628
15167371
14782366
44873302
49099987
15357450
26271891
3311032
3829580
4754545
26992466
9805508
2765224
7965558
9215776
45098309
31676145
30250416
43207088
26378765
13390512
27239849
34528059
23948037
24229185
46870770
45637643
41179258
3587031
41503461
40044417
21493484
30610156
3601597
16006538
33904301
6710209
4795150
37570080
32239943
32045947
15716261
2316974
24684426
6140259
7245052
14286709
35569276
20170735
27337872
28636961
6430369
3701814
19257476
11675206
9427556
46985719
3185117
3887752
2194105
30502665
33547834
28786635
11093897
16185082
22246441
7696941
7372284
46343044
36181308
41321840
30973577
34260066
37162913
19934570
43935591
27848904
21708313
45067001
13763903
33165195
3844017
42865584
8993098
2765246
19633991
38375613
27050621
16732564
47326089
10826502
13088356
49662697
25386429
11535554
26189573
32541395
13913972
3839834
12583207
44998748
34279027
31352130
11695781
9444254
13228367
44646067
6518132
28466195
7116687
28269176
16379958
17728130
16573827
43131686
26712673
24779443
34958378
48397376
32357669
30065927
41771391
17254920
42633877
871449
42620204
34310253
22594741
27371269
8130252
46671095
37483413
38305728
30334988
34672588
36209065
43091776
30225215
48924193
2157532
10169021
7575396
37544495
20968826
49162298
19751031
47095022
32142046
19570046
12738548
27755130
9826554
16008338
27981
43973410
39203027
49731950
34864387
36436154
2196623
46579804
44668499
179386
20755957
6608178
3065683
35257808
10155158
46745445
16967806
25947121
35291949
40419925
21854469
17833665
34773760
41317645
2849139
37580646
44625355
46535625
43993047
9317626
21788929
17449634
37552949
30328324
8519677
27674679
17716079
42482539
47734842
32457111
46320784
49095226
40587918
39770719
28775949
33760950
35534214
10802658
3503122
40670261
19017117
16349634
5237601
24059829
12701953
9900613
29523647
39465025
24394890
44910526
48563433
39970878
37861588
46380871
13903159
41440470
1413342
11863770
33280757
28352650
27284790
138143
2780060
23175505
30461876
38686102
33063157
41797192
43770836
8925442
4839602
35726146
13700736
9929904
15604141
45701518
11509801
40698579
47175777
7199218
32709858
40399943
10144383
18977834
3064911
19158731
18925882
19984005
32270693
38387396
24856116
45088955
46072373
21182375
21898057
43825972
46818704
38199117
29482513
11368662
14460602
9748148
12644198
4466031
10908314
43310612
10502068
36233406
39609046
46973786
36831729
27911365
29728362
17390503
31587631
26446805
12257778
15284350
31901942
23144318
47805612
31234586
22640635
26407894
25855327
34468323
1938267
42126206
42534770
49486574
9031989
23282621
42788548
22983867
17390102
6842517
5528656
24850859
1190720
49523765
3423988
35687601
9003026
42673459
47119537
5112144
10354048
33665699
39975273
16264923
8719963
18444108
44761083
4998002
9464501
2101302
39783771
6898498
47055724
28501907
36171116
27128234
11265348
24832988
22999069
44586577
12209064
20270296
48733126
17517267
48574656
1736074
42959961
13704891
3988500
31293869
9165975
44682093
46475711
12254495
13213403
40574476
8919944
16792867
24773472
8468186
31026981
38870678
30645309
49657742
35784528
21853493
46262617
18611221
41349172
24245740
34644653
30146479
32745043
22242064
46686322
19223975
9830747
6029432
25993621
8119309
41704170
23454022
37028125
35119386
12752222
4077749
48430851
6662719
37164914
8950083
40210249
24494471
20816833
32830690
4183184
34961398
23565970
28805042
14057300
2239330
20706610
14047391
47774488
7925654
40648391
36405930
26117140
806522
29359651
36223675
21372213
46306546
16970723
45866424
14254230
16132866
13069281
30729248
17637198
44789589
16451629
21232075
2598795
49148832
30741788
31668507
5747790
5240316
2459659
43726325
35614191
38949810
808590
22306328
20120786
18621740
3308208
44509749
14529228
41544107
8605857
11294136
42506755
10678585
35326302
45213137
22967467
25156111
40082444
29411567
3131292
23126958
24323908
369761
45120751
5322180
48030599
8020300
31305274
25757847
24778827
648428
32436185
42863113
1892254
41456400
49324481
2684305
37160794
43597973
24596931
355882
31581693
26261482
30623875
40648504
6250930
6191189
11985793
1272984
36533524
42800092
30579057
13101088
24953867
3415974
26643095
25417586
10483301
43927279
35146395
45928509
26017852
25232168
39305306
48278218
44326827
1371320
47884064
28145064
14389752
9658899
31000786
31437243
23706581
8094202
7214148
8574712
1076322
657150
3053265
45385670
48315641
6344767
2507203
11770864
23623252
45775344
19128514
41250504
23417756
12568448
4899231
10475875
23192577
42540514
18975299
33934018
16738364
18487649
45052705
13443384
28384844
19098072
29018345
41784936
32552540
1120459
30877825
34316013
32762886
35407375
13094687
6480251
27091377
1301385
8813590
44838389
28949645
2943757
29838173
36265854
12717754
44298278
21322841
47532230
27153074
37035528
33901027
5119623
10999216
18297194
49896826
10796570
6980885
30548917
665592
36179786
30513332
15228514
29485455
10048151
820538
17411410
7792454
8734925
42386833
8091294
13948165
38321391
26777324
8993441
17082443
36259921
33588531
34836975
46724146
6893813
3291244
48939505
21930794
2960189
11417255
27447782
8750508
1067472
4987311
31453382
8261046
38666697
44995620
10959810
2709373
7446274
27875442
28280899
40182521
1268351
16819982
16947561
48865790
49525670
43492005
3119225
23155304
11637436
28221990
14816174
30810357
34760575
46516508
41771872
43258791
24184613
9275831
4919465
48460758
39952003
40355169
5275707
37217222
43512215
45372446
41171870
2814804
18671687
15380269
2314221
27549337
21037353
32324175
27687212
34149116
17344181
22477403
901699
30510058
675024
33918224
10867045
1108143
11831646
49139161
26701370
46145191
25969344
21804684
11377907
44409406
37618723
8968
6984603
25964098
8753078
8860336
19929003
305483
1536546
1289938
45427924
23430313
33347083
16899812
24843426
6610392
33436719
36790427
17626899
5264628
49691675
10297808
6454528
34872181
22998468
27607672
20019623
4532333
1083506
3204640
30584683
43685902
3979603
19835254
17870758
19662382
23632081
30231088
19950780
14942552
4821624
15772375
8123261
38478120
12807160
45079052
13678650
26717029
9831151
11939089
44880552
29354495
20083060
33486721
47043057
1297079
25592929
5492765
19935161
9033922
39052802
19952493
19590103
5176251
23000102
24351148
35940778
29473372
4808493
18217148
27247679
4996002
622019
19964411
22933218
4502983
12731113
45900587
34948883
17388608
45929238
17618915
26587983
26451883
9334470
30112977
19857888
32551965
43511777
9327379
36746843
32830905
31864880
31961003
23953701
38729794
16109255
11698249
34753171
29136890
13946671
5389619
14989488
14153047
18922841
45144885
44204163
38534429
4577057
47551202
39845868
14662553
5609834
161505
36712617
49079109
22381381
26018413
25685085
916574
9555340
12393020
36279836
27008132
34229232
7745322
24873197
24584014
9974893
49630470
29465264
39141344
35485369
39962087
48537012
3398811
30097070
34358717
21861442
34522579
49413153
4508924
47716917
48162939
26427406
42898823
13522028
22742990
33825144
15898103
48888663
40709770
10674367
9288003
21847242
3363333
7441994
49863844
27745124
39498931
32465932
9313765
26460648
30975577
5618844
43366164
260464
10826179
29794733
7151202
32254150
17712710
13701919
13438791
28053448
25197858
21543865
38658678
13002199
47450693
34749025
20999357
45896174
10104672
11141074
26306768
23886648
47035223
48345258
41307910
35010547
10182576
39211386
44208489
20601253
26984354
48838702
15121956
996570
40550641
43283511
29971547
26628049
40812698
916454
16738963
43490015
28927915
19267756
34171303
47230558
14090434
13889546
49336612
15982518
43842132
10731452
49105133
48065470
1994381
44479674
35482054
42785883
13182469
41375474
25964766
15814229
21393628
7079070
5906030
15745878
5049055
20333082
35604534
9144793
20335504
1488335
26161951
38256745
24422282
19127034
27576375
17024730
33314210
12571780
48283728
23921453
47351038
27060682
13778591
30656177
7028319
31701545
46552032
10901341
10985444
21086119
49740805
10595837
31000280
16211658
20065020
20251976
47256171
21794761
39546986
28582114
15948097
36239493
19897028
21455365
31986508
36982984
3617015
9747915
26416368
4653444
18373308
27422344
32478539
20236263
7800271
34825038
18592857
33831467
12159881
22530939
18886592
37177920
49261986
31167974
23170443
34711029
40988516
24973166
29107400
38083843
19215599
24750165
27877121
31259013
30535563
34405935
6135149
45035945
1349650
6618068
32090060
6610
48437696
5312205
47747965
36817053
15761918
16845432
33115422
8426261
46749786
45174532
47675463
9328086
9180351
38830799
5634113
42373033
20887460
42501060
14043521
6505745
31223609
25537983
29293699
34978014
47324129
29763153
32539126
27884646
33867194
24262536
3890113
31670921
18523260
27182408
20897484
34623288
5807570
34161363
42577128
28287434
15901060
27546349
3975178
15830908
6078989
18992299
47162725
8126839
47132481
5887597
467225
23806540
18857576
32489419
34329056
6462964
4689693
23738898
24388298
17693940
34924628
24207489
42837388
10130174
25759281
19049943
18283405
15898861
45638488
16257088
30214543
32348995
20040341
30636369
777054
35985682
39880767
49949229
22680280
12712774
49047715
36953002
17972755
42247129
20147317
6680609
5101120
3855546
47269885
42793677
47160759
10391192
40208312
43864320
47465825
31055593
16401113
11328294
6357098
11989287
20885440
23521880
12926895
29459396
41340048
46923700
31109995
46407535
12472239
38267373
10813001
14287350
19574108
33580188
31700299
14199531
33886156
1135266
31137734
21568341
38618177
13357601
26137689
2281836
38111906
24217532
48329300
21141355
3230007
16926904
11818183
19122470
27590686
29083895
42738389
12547941
35783708
38922634
16302917
6611623
48611500
39673552
18072324
24383840
40593669
43165730
1703905
41249401
43276701
2776801
38374314
7377428
44616611
19280886
21971288
33686606
28501583
38756078
2243739
5543138
43642551
9257271
9681310
31442397
35395135
30370171
25821780
42017159
11625998
17647586
48490079
31110164
3359997
39617194
24283215
31095214
41836291
31875526
14923873
32624491
33361721
5179710
8646794
1781980
18515489
2016698
42894222
44142081
39980505
45237540
12440334
20476617
13011129
16682751
42491590
44729628
22889386
17043136
11750922
17893492
32336115
30368494
9212811
33843862
47326922
3801283
41326840
24417616
38871241
18665760
11909713
33833296
10777583
23652893
49597914
16623002
35188279
49201518
25748432
15957302
25032497
45991424
40618746
24600706
4077955
40061299
14945204
19931433
46354702
17035676
4054362
42551242
33147803
15819832
17698912
14232238
32322486
10530807
34959412
45821925
46989861
41592265
30055304
31257559
25649082
40721182
38050054
31218950
25457505
27621193
26301877
33840220
7727344
42175201
30491082
33835744
23446868
17431858
7798178
219534
24159242
13778473
33313482
21758926
45660760
49268833
31350090
10474266
49522428
45122737
8286351
34111717
44804579
16538373
15115360
2596963
19168635
5557067
1067144
22737125
31849458
43946187
5742196
43908445
20861228
32748439
3884779
20924514
42995053
11018993
47177017
41875508
32681109
11856565
11227322
48538075
28276175
21234600
7240465
10817663
31903300
42308381
21515281
6674785
11394144
25336927
3328828
30665541
42016443
31198093
6756215
18504920
42397923
34250827
18813098
25752184
16991589
30319088
26098544
18492746
8955123
38003384
45712048
44558478
45491590
16392933
44167959
11649538
39878445
8704925
14670077
36395137
10660975
47468726
30226632
41701394
41660337
22489282
10432967
19383358
8553399
14736897
19579370
27096038
40637219
46254688
42781329
33067991
15058202
14142722
4468730
47821716
14598640
27816340
29929625
39975817
48155010
49111368
23506763
29871468
3861637
15870257
37760362
32153114
35436542
38252996
49801175
30214348
9562070
48689957
43536875
11458365
29166871
16452958
6975352
7933727
10153181
24788648
12314837
42482188
29795103
12914867
37854672
49263215
9264455
49765058
8869021
20199791
30636080
22016778
15769304
42947892
46276964
35110285
47804740
45361407
19458394
25881018
7644111
13452552
4419832
16725728
34884466
42461901
31062193
45511196
20818944
11702810
17922573
4018797
41173213
31569516
30237166
28219224
47138180
6976861
13183985
8734956
39356626
31756283
37457370
38931424
13755411
40281808
40527248
23143665
8503488
26214396
10602649
47495445
20323254
37378739
20331788
10211888
34585806
21882994
18029725
30012370
13183265
21691920
38828925
4860690
49951433
35399313
27849910
2752587
41511036
21814385
44807581
883329
44175803
23008721
9976966
22410649
17061316
6082784
13988547
5448600
8049144
8979858
37498861
48034635
15418584
21916686
34404686
9402067
5880513
20926177
12300417
13719560
12063864
13935095
13025408
36022146
17096991
45816498
26781256
13764918
43109711
20500511
13545563
20399948
38505842
14345157
10079827
11904943
13475525
42511967
1470223
28199102
48161021
15710643
37792456
28539866
31201238
14546335
7275026
12049674
48226484
47099551
37260908
49156370
31920159
41118825
19187143
8959387
47320187
47899889
24421704
46855845
10035217
16862179
41979012
44527332
18981451
17558790
49246606
8935246
46862369
22940208
47003406
4046828
14408579
30509833
19061875
27128864
22456258
29486497
27849919
44573448
27447138
37927939
5268629
39885339
14659882
22994206
28341213
30058463
4625754
18077071
3532622
72932
20254895
9184659
22970597
40073290
3364510
42027710
31367644
23040578
31126588
11979532
23002919
32768968
34121448
34500729
49369183
40966472
40828466
25423983
47513341
41124603
39730014
25988343
23877412
22981128
49421157
7278311
39024157
23679939
5693053
2017597
22660894
40949594
25546260
7759215
23813160
28581732
1125999
47589680
21879700
5656612
43930505
27890661
38981937
24507811
2960761
25397545
13185690
11106165
23895157
18631778
42738022
36907018
46089709
14678006
30806335
47824290
7439083
15505956
47798749
26446250
15085165
1132436
12398544
18957893
5105017
22949621
34748217
7834101
13483224
17448612
19191731
30276128
35786620
12335009
6774614
31790534
11228188
38787551
41214607
10558527
40575821
33508268
46938668
46890229
28785925
30671362
36166634
43294057
45584974
48877520
9463564
47335789
20699315
11650759
47225992
7462363
9281352
38338024
23688188
34024625
22215285
26672026
38125020
10967906
32834460
37694117
30990930
22421487
41005484
30078996
9887111
17563544
27882760
23490070
27073360
5726866
16695941
48274904
17849444
47452916
36067765
7618433
5086215
29832850
44923719
30181736
34976367
1440334
38826184
25588926
6123917
28624624
19537794
28362667
49377012
28612121
43321578
4961738
39100711
37817271
32350468
40408682
11823459
25841926
776105
16881506
25389253
16623410
20375848
36356681
28990138
2453603
1816879
13855444
33853573
1184786
12465938
34613256
11291589
10552032
48198911
4888242
23757827
37602918
6453503
19592791
38989185
35184862
39591548
8997973
44414657
32903556
33418376
29166710
46923394
18415435
35833738
17252621
41861065
49726066
16561480
46946736
4504737
38415064
44654002
27859818
15463024
22614132
26099246
14456985
5383347
18527565
43248981
29548054
10095146
32851740
19049186
17073042
16112870
15471991
8695349
24274824
47674906
14136608
34557996
1679
29206257
22672555
39387995
25316987
49086336
27112801
32177023
2778246
14768269
20056200
33619006
15086017
42476841
17955650
38654945
1345291
47929261
41607619
1521983
16292941
40414608
32339885
13441490
34284489
13942483
7424404
46170292
8416177
44998940
46084513
4796272
34327481
10608309
10471093
35182269
27723986
6803925
43842480
14526481
36803715
3133926
44250544
36699054
34872162
26693986
13368693
2863153
13455523
7845658
30303343
40497701
22190674
38894698
46385883
10769490
22693457
30034740
42303579
18186167
46622928
35992321
3237564
22850536
29225523
33967356
38568712
3761411
40548201
42012056
43406372
31024949
27418228
20557161
23565277
331551
29344816
37057018
24317251
30656146
3123084
46275489
31207073
48118996
33946853
41470454
33515721
20657987
36925373
26860403
29110261
11781421
42489322
36712241
2559214
35721628
49446297
45029856
45430735
22880550
28413390
43626017
11695530
1569
8974248
8441526
3227581
13069019
9363105
15366939
41321046
41611902
4676644
20925584
28417566
4355835
15180069
19802460
7470089
44857631
33444823
23164262
30731686
40795436
30490704
27633785
46887315
41275857
21305655
46259414
6623860
15125049
2362069
38143530
14438486
8797352
34405696
13126268
30391120
7630846
44452620
16932898
46438249
48677428
22272769
6398705
25636307
30694436
4479627
17160428
49752695
12176947
4933620
23079922
23212747
49991023
20291
26977858
38138946
2850983
37108243
12288360
18626850
2786106
82457
16732964
33477118
48855600
26287169
31842241
33813244
34849373
23620578
36174087
15959898
11606350
3700164
25008290
48873110
14511856
2893176
26139597
40626754
5625208
35733376
26099766
7133211
10452796
21163808
42022628
37833054
29892684
36975553
36129409
33836395
13338243
18603114
25560141
7350000
28553244
24561394
17965547
47302438
11769227
2333909
26723573
37525808
18835384
28362471
49481004
16738722
17704341
20548887
1713436
10583894
34557765
19734171
12820619
24369439
33525573
38468233
25794746
37310329
33476675
9523704
23909655
38282021
44475200
20110599
21696933
33016424
32403063
32390683
46296810
18009020
15913507
13159530
31814467
42504470
38072814
6420188
16011924
15967014
32036239
10999801
36680338
25018360
30088501
26113985
15581785
28538988
22622701
24420902
30349140
47145279
27640210
18404511
42720203
11642731
45217914
20353457
29443063
3861080
3994264
32857195
13014574
6131965
38659617
40272456
9530229
39565224
37302387
36688313
10862596
16312897
14408049
27411150
33195119
10040345
44052995
35391250
18750085
21867519
14766700
35990136
7900287
48753476
43899924
38799397
7466605
26428629
47300839
21705188
10849490
13986780
30622651
18729517
2546747
48571425
31643129
40230481
17090272
9847785
27740084
265456
49701572
673132
14027890
17124065
25916635
38080842
20727212
2549169
12305836
16172634
30673091
11690868
34921985
19761337
35818011
20450257
44455383
43642356
33853005
11596097
41809551
17820434
15727053
40636282
41416355
38259296
17740941
25714112
38624021
23440899
26615683
45548825
42793518
29875068
18557125
18178318
25570299
9284141
30751930
20616793
406224
36670523
25296850
37036804
6775254
23883070
40105526
38998429
48099360
6515212
40605812
6714733
18661358
44459740
27878043
1342131
9907876
25910830
46506574
44166956
30863552
3706285
28761311
8781005
11448431
30946572
4852007
43673789
40548645
10576071
11163322
42491951
16949186
19665942
8580886
35766781
26854924
47243797
28407060
16792529
5550549
12205504
17087112
42403636
45003288
27651067
27779636
10582072
29329899
1214417
8602875
15195465
15203445
40684063
48297772
32336462
23129632
45758564
14482758
40770621
48967123
14586634
40137434
15277730
37875823
26302396
12114433
48918930
37598360
17008488
14526281
14931507
32899203
30176826
37250625
8567153
5080679
35432046
14686860
44164292
18618150
2626712
9819408
38104299
2200654
8016396
22024054
43529870
1579414
33446459
39383267
42201239
30395810
13852528
16754894
4760730
43322426
20718421
26826853
38041422
49700584
3751399
14869687
49256550
31896108
35840924
2770731
22838596
42040443
41306221
22023883
44246505
26032714
1348381
296003
687415
46118784
15896536
24272237
47359300
9067918
9285614
7422082
47062378
5853991
21195227
638777
16712040
5404058
14109255
28143529
17612582
43929144
24102909
38700578
13446662
28637288
43357806
27291836
42025779
35252405
7330406
15199574
34641279
22660068
16193586
8893377
39001406
45445021
15897992
19280044
19695417
15291496
49405658
14424331
31206507
48832612
39096020
12461707
49694184
36778769
34720821
41049159
12536612
3348439
37960071
23733091
19400409
46826464
23859037
22234746
19134692
6106368
6846068
19751676
48540086
42608058
4126814
36300929
29718504
15649202
13573609
21512422
29086987
17795352
36871315
39270681
18446752
13682790
4035018
37012707
41413625
5391642
28674150
46458896
33926657
27007660
45746038
31755365
20670532
41302235
29364872
45813360
25325022
29968457
15760600
48331852
43375807
22282626
39613511
23530539
19195293
1014554
43385618
33513746
5083300
35630821
7138025
15047388
28005604
17646763
16467537
18759099
27045014
8061139
43683405
31758032
45486690
41316155
3880643
10135085
41105093
7520477
45189572
38410167
17716482
25144309
1444172
9403834
7521273
32870901
49102101
44158309
14687623
30188712
42102465
33046222
19641116
48350435
35886162
25019994
47810286
49642432
32488204
23004449
23292068
18343271
37773494
4462677
11437850
14444971
15450935
42706698
46727892
25082444
47656672
46860765
13583211
16949984
16547442
8870620
22067236
14884598
34833734
42571643
7132496
7770990
1783504
32332051
22375084
6794008
20242613
38026114
12638822
44759240
40390670
11085503
22300034
32130203
8204141
32035589
34355465
21538561
23352549
23690691
46312354
1186100
41428149
38944420
2683799
8767703
47243868
29430249
19950048
38974911
10016130
31886318
46284740
34045288
23342375
16151194
30755653
25845928
36592836
25289624
34744525
14872298
9717753
11419853
29279090
38181546
42927377
20822086
32617751
23816299
15506444
44013700
22591759
14160859
45674493
23048280
13961405
15427984
10520735
17688461
41304718
10487717
40990704
38041585
24244398
25917297
14609859
19419853
16367052
20972
16280617
13225920
28400602
25381613
21350024
46813497
45301986
25065800
32944898
43196981
2468787
41888663
21901385
32530612
30586149
24715108
24899297
3602625
24818256
47259083
20294260
7968912
10633679
49585238
30913372
1487230
44014091
32919100
2513294
43014765
39668161
47049622
8492476
22934586
10882399
47137293
31273959
14613917
40933179
46368986
18893057
5546323
6831062
25621034
34277220
20095433
20111638
49130183
35101981
15782520
21023061
1932326
2412566
11997363
21951808
35008240
17827226
1830197
37419034
48437778
22008666
28023509
22959681
37674815
7018442
44631084
846766
34942249
37787733
49704349
31130427
20923467
25026855
16582289
32186135
8498040
41644466
28875908
23074351
44219678
25557903
4314760
18156808
40264993
30634537
11020376
8561938
27993658
3868463
30365459
41015577
20317255
43464304
7019407
25148117
28331769
14386310
39024857
3732541
35548804
16556953
46165746
15896835
18502852
45786485
1900988
46564986
25145199
17968157
9180361
22780068
28464677
35231729
25860066
25821726
29690023
48633259
31314510
4612383
49647092
9369268
23117591
13769831
37262300
22008665
1832793
1153710
46765357
41774359
22440776
23082063
30104622
40906554
7824478
16864859
33177074
30159957
49061647
11437566
31594280
31437037
17181635
19260023
20621213
30259301
44208439
45868920
24786872
49104391
6832989
48433317
35815359
23419791
4697054
36386731
542148
21556317
43703536
7979731
16539253
49546735
3252234
20250371
44885276
14962749
30150202
5716429
45794760
5426076
47665756
40166345
6383845
31992436
8314413
3688814
20907746
46655716
19363519
3419695
28779508
1403176
34058147
15752978
6015224
43740026
21708865
34686248
8454253
3030888
26721191
43810100
31602892
15644139
33161355
5665632
44986568
40506071
44727672
37196598
26779568
23595975
40155217
31778557
33001986
21167317
12010134
41906122
26309434
11168931
14905536
9654064
23413006
35828042
8699891
41932954
22023275
9646479
44527504
12640522
6349317
47365877
16438818
29888006
22694286
32107902
35070145
13214054
12801162
6828326
14140408
3951042
3783614
30105727
21236818
28027975
37878505
6802383
7625154
47043899
37825891
24499012
21628524
35447635
34811465
15305801
21342333
350502
42334679
10936610
43061336
28421273
15154034
27416223
25750660
21949225
39241381
3898748
19036685
13749039
32072671
15739802
4447170
46702602
9435261
41258292
21687070
44193700
9430640
16029072
26172327
14200784
5987557
40369248
43561378
43422106
45323409
44718627
43867088
21972713
36875791
29020650
25595708
1339423
14299266
25115497
10461620
20179290
26672481
11774275
15440530
19956641
46362892
28155747
31120644
17460186
36435149
4826144
17587150
32973452
17899522
23324051
49563543
24747386
13206284
38948281
19491860
18192485
45631453
14064213
31042689
15175348
40953812
38890560
5513651
15316530
45585638
34120580
9847665
12955494
10627449
44609515
31830785
37045472
36212102
25882194
6819047
22156400
25427008
44984136
11010185
10173795
408998
42751969
35519770
15543491
19265365
6680994
43764310
31702324
46268213
12436034
44743606
7916405
30005030
33913728
37736956
34013726
39274070
43644783
44079023
31138387
9022194
45110131
1575748
13525168
16634858
23144809
15014861
4409956
20995412
31345800
599372
23637612
28020770
29334939
5575775
36257088
27375615
31046257
43386897
47000789
17916984
6345107
44047429
4111743
37617858
27325509
45444516
17219998
38056452
30291288
22738319
34424011
45004778
1451511
13816199
38531958
20986616
46467258
28409532
28826768
36702495
38565190
5286127
35163527
32088154
38819715
28566049
24360628
7231055
39906086
24014436
46380569
49786949
14919088
18586631
14490765
270044
47585567
3305019
16850275
16839734
16935531
25807380
46299355
16326436
1988215
16113700
3784583
12538352
17521799
45020202
47059583
1622822
43432704
44954500
3465108
26559943
6069220
21333084
13657785
17933619
16656948
317877
13757213
28849568
20845641
27863762
2042544
3332261
47739613
19520582
27209485
21435315
46082062
38748636
3578831
34340464
2297223
36552986
14178844
17304627
47754305
29639017
44575132
30173136
11605890
35503452
3995471
7959355
5765612
17552653
3582744
9522606
17789550
6209542
38868809
46887092
44617462
20970886
39751711
46001680
32544333
24188867
14075812
31527096
34394947
48311546
15240073
21205023
49400614
10598247
43947419
9716247
44543919
3779697
39435203
28571852
17981352
23349667
48255547
16788733
29285014
23277089
11360788
39851700
4755256
40804613
33558539
37980470
42891161
34202032
23740308
34962046
4582098
18805619
39466952
7962406
30298443
19376045
2506011
37405311
33105035
21009301
32740129
27863093
30244840
8630365
1464663
29308984
13262886
24152035
27546646
25825513
37950648
16522603
3270077
49804153
32716856
40490303
1907543
40542360
26976812
44031926
18530370
39723738
32670696
19247826
20986550
33023156
3372763
15461958
37675975
33062309
18517832
41802232
26924451
12849006
14700736
40943096
28140390
28882186
25976083
18521979
33922724
1058560
25087708
29724445
36052437
3829707
48812938
26251153
12842364
15026702
1409399
40616428
5754300
40055244
27543650
49403084
7647313
41000893
46026303
48615852
42870012
20061889
45247617
33509083
32026033
31136487
2642797
26215422
23941790
20663529
11055897
26042777
39901912
31859932
38815853
43899531
36475719
39228255
1287798
2859288
23941032
39919506
26171308
41623944
27605043
9816234
10340654
18213450
2246926
26795706
40994604
9872066
24441128
39884646
48847457
85234
7229065
19036464
26762134
22168387
28093097
31338774
47514736
41155899
28405832
28038391
23011379
10419481
34332333
29922012
37262398
34663568
23177762
41424355
36103307
6962996
16456265
16282523
32305521
48847105
34674164
23226257
26986922
26891917
45254225
49901440
19694887
10152073
17606121
31424108
7582164
32625495
26494013
20845905
6434259
49483917
31848834
23954308
16213428
34113641
15129342
9775457
6601998
19798431
7918502
9739784
2758205
1935607
20528525
39273641
34132669
30467370
2970985
36984856
38047780
44041148
1482347
38902359
3473368
23697005
43188378
37496950
41581587
27558715
30374888
37867083
26307694
44256712
35402168
13696928
39813608
33422509
31306041
11987746
20688412
188694
24236931
5763791
49305706
27403503
48025491
34186522
26011638
2036515
39910698
34759175
17122140
43778361
12940975
9275829
47817053
2491730
36564717
9720722
18622904
17346738
49206826
34881795
2539659
44101227
12995972
5099937
33174442
19908422
19465407
23127710
30293746
41218993
12390597
5153620
48467958
48170474
27877796
25566839
42797440
14595322
171761
7626001
1242050
30064366
19229821
17661260
12460724
46220230
32555378
44961971
10417401
44506616
7171679
36095627
39770322
48071279
11896354
26887889
20850133
44312697
2431174
28652815
21832126
34238974
1993278
43272097
23594109
40718772
37822177
48401206
7428953
41635409
26680566
34787431
6293047
15338420
7213816
33123701
5185839
18958243
39947015
2899001
18336963
36917385
40745919
18583281
29159609
43113039
40093067
36814226
18719029
22108609
46457928
26514519
40767838
48415188
39007747
15823412
7051785
9625103
33843567
38561873
2143324
38921639
33539292
19301789
45576915
42605831
12016084
15462408
17336089
8485746
48510505
38315534
8095815
19073416
38939056
9772808
9539459
33505589
11397859
43975975
9677153
38768957
11663173
31645461
25621844
44178168
40164077
48272514
49394844
15950915
12123352
47288737
44304286
36786554
30884734
25294473
19152752
33668645
22761726
8380127
40114797
39865347
13989724
13455588
37214284
25414934
41239116
39948440
7438903
5438396
37071207
37033811
2690134
27139528
2994919
39886092
12788856
36614972
22384489
30556371
33276528
12520178
24514554
23466195
34186020
32267328
18787292
15305272
15957437
9832635
44098282
23978712
35837786
23097673
18551140
44945956
22420793
16305287
45950546
31909432
15068947
13185337
35905006
37000690
30013451
36672230
19332738
6864506
46752403
43571381
16454295
2856720
19912485
817585
40218469
8928033
36161209
29708747
40459348
25016571
49921127
35279128
43361649
46090153
49832515
28622187
9050711
42611023
85943
18257354
18627010
12371326
49875835
46058598
14026941
46341354
27836860
40457038
5341924
23306701
13418078
27623294
29064267
22744939
41884937
42953964
3226229
24107683
925493
5948722
2968367
28662472
17487013
48101503
32037472
2816631
9080935
5608175
793476
21007690
8097059
24776384
30328464
39264540
7052056
37194852
32341204
13321872
39403395
26632780
9108444
8660270
29694909
16046749
21276237
39288238
10163879
27076363
12276813
20046632
2441164
31393565
30360894
45010402
17829779
18113124
32040418
20747688
45746238
15462794
45878516
35522543
19341336
1458931
8993170
41684052
39383367
31179848
24516876
19949738
47070403
38907870
6387216
42447124
43211966
2530145
45802952
19700096
20328167
36742469
46630088
41858437
19624271
30706414
46586555
32563401
980157
45921983
5055101
29515075
1984637
44154304
44403817
37178828
4627333
19555824
28207911
31773622
46428057
37149788
5059375
23489248
12720661
43568361
7589467
5766858
28633203
20069849
15422326
26400997
46609993
20676728
25330800
4675792
45744415
13186773
13759251
33111593
20679716
13978195
4243702
44301627
39317444
43349296
39054993
19869876
32586553
19296198
14248685
19367858
45007958
36637505
7491819
9331057
32738900
32898768
39787566
5078923
46103764
16613754
934039
47254179
28483107
32977584
32121328
46591501
46901634
24306080
3744044
3388413
41207878
35880721
12673357
20510468
42567347
570701
9476227
20653400
215487
21470251
6315188
17527719
27881835
23677742
32027109
26524767
42648404
32437997
41095131
14177937
18119106
32494683
44442975
39524818
49758994
43410464
20407794
35650950
17237377
27964317
47023552
43382329
2860576
30274959
6019114
26509760
12723327
10849628
16993409
42706905
6754402
11465234
22341701
20632386
15403447
6615399
48073660
30237468
44142875
4560625
21605760
17656519
43805414
31490612
22054363
31758186
42773549
5737665
22025858
6241066
22231657
9397721
19628363
23453174
7136481
17162753
23233001
32513330
37995051
15044233
33317146
15177840
33044424
21128439
24702500
5047446
21987374
7138819
35962257
16342417
21411735
1807196
42357394
30893423
33203765
4574185
39600700
10480184
40268318
16535694
38158018
23661353
26136972
26402029
40070646
49139411
38815938
2887043
48471133
24113570
18883512
7183226
3389843
3751883
36958842
16683920
16783892
16356828
4672431
46174811
35784160
24177110
711532
17006276
46280612
11712304
34266415
17206568
23673563
17235988
32260208
35437455
38739266
8659199
43245455
6278923
48294226
23193725
25486007
46613433
36388415
2527928
14898603
25255198
20691411
29358137
31280730
2621200
6750445
30111213
37059376
13914867
32167236
14721611
32555003
6221152
38683343
27014345
43799930
3231003
12838473
39569705
1786232
25855835
22529404
35816960
11240381
23812651
49341422
34337857
21282772
20279743
5658632
4104498
39220502
8249631
35181741
19066918
19772036
35802873
7857085
25654091
21727642
5954949
3493318
39295390
34479350
17778311
37156562
13419726
9446238
39951604
44025351
6118404
12295998
9156748
3696294
4041150
46781737
2148213
38833940
13671733
36375886
9382801
21399666
32311052
1967832
46839041
3048143
19595992
25270443
37399006
49749774
2582062
13872304
7179019
3873353
35675188
9944451
19225108
48583750
33575500
48344445
12480448
49012104
30463982
12982434
19146527
33284648
33727703
27023712
48205793
2662519
49609281
15817797
23403041
17267333
10946752
47492867
32090698
34801340
13623448
49347155
38676732
20973074
17548318
353011
49330638
3322756
45072858
18182704
23482002
45259848
24654525
21131015
313371
37472273
4865992
8204814
38366396
33195060
27699669
17254714
40243868
14762730
21603402
12953048
13403856
36404472
13954729
43810220
19907553
38323761
23560527
4093418
35405002
3993743
41059733
49456454
47758218
47613320
37477435
34592568
31942236
33739338
24592877
28216229
44977281
11113895
5190502
1974396
908244
27475738
11403140
34340054
10960134
1614450
41526209
31972942
1988501
11317706
32660307
2381713
46465083
5135710
21773960
13611170
173195
44812732
42872591
44451466
38170216
12659788
1920909
42077809
7093635
44143436
10147439
45594905
48546634
35197139
24256493
41026222
48890322
34422361
12359837
31854371
2254317
45015944
48617108
29726163
46176808
14748698
22186050
10990049
15208995
38390056
13185795
6046048
11736386
41797861
26417421
20296077
46779228
30981007
44099280
6716915
31634999
49638158
38400233
7924574
17594627
30380689
7436329
40890672
47993993
7569225
1059544
19169838
4250660
14459425
3271887
41988374
16801162
39766232
38505358
42040615
13482755
25539761
11246188
40680507
47588200
48893581
41472239
6088742
14369512
38754584
34696454
5222520
18869482
8132842
14561375
26975978
9625156
2867161
7286514
29131094
46186674
17166139
22883629
5740073
19057083
47200068
6378171
34172492
44566608
42535089
17038846
36932589
43484801
29983305
16913239
14558879
16924345
4897044
5928735
27238557
4479787
6432332
39663421
21996017
10859795
35153816
22904242
49897524
15144329
36840875
4040120
4809277
42834665
3440581
34618420
45422741
20307116
47325718
19632212
30034864
35037441
44246216
19904767
11364875
29995423
34174128
19362068
42698320
23298537
1693787
37759335
22910925
27785974
24550577
17067971
31881933
17453967
12455649
32382103
13587863
16261698
29261711
6660981
47534533
25379379
39138086
20455253
1184725
39176479
42072671
16253526
254397
21544455
46755486
46431874
34040329
44634930
30802340
8200974
18098476
7656250
37571702
21064747
445477
48725017
1578739
25351695
42908038
21264570
20259953
10764857
2805845
388653
15537601
30581284
17160109
40457970
37159227
26387286
36958554
17109118
39859747
33970010
41108770
33402475
5987505
22075579
21094979
46516819
49410587
10135199
45366005
10398562
12939876
42358590
2618007
10862413
38066095
2355680
41875802
28545736
12260743
38149271
32071955
6129266
38110438
37715392
22243666
23789285
19457540
11016992
22405388
18526642
6182369
31398218
32890443
15098036
34489595
12010559
41243320
30596438
21621167
42903376
28814378
29129181
32438740
38782095
9543470
38395544
22296513
45895091
21947420
26258416
14743323
19603966
48620823
40066565
7328346
49356388
38820063
24092347
23340289
31527338
25823726
34105846
7648027
19251887
13091226
4130227
2361603
40270100
20703796
13867044
15498415
2568390
21630089
35378453
48200950
40278215
4222895
13592348
34900033
35820932
30988128
32572580
16412356
5721216
12298882
3986422
23897672
33111803
29265263
41654912
4837060
32795791
29710470
6378909
41530066
48488825
45435816
14935025
33552947
17447613
37467572
6936057
17395523
16810674
40305520
12352398
13486734
6607259
29866056
10317210
5992575
7266562
41079504
26210690
17908889
7651543
27845644
29648642
26904621
7859694
19202537
3232442
24149934
46325841
19869539
22205627
9121066
1386846
33973468
3666874
20359006
19774831
23366170
40819467
2506834
12793756
20099119
27565145
5408188
6057068
39879129
3882507
36988444
7733785
6517073
47146486
13555470
17846721
29203176
35178177
29523737
1114857
2145006
631716
10924302
25219540
29332240
14666105
22076964
25353350
138492
23547467
13604280
4557941
6802190
27908471
13998387
31654799
33054067
27765262
47669676
34965254
17312282
29403255
5461172
7202064
40696983
19894435
6829041
47453995
31036867
28898740
30666015
46559876
12157744
20783694
39743795
43281023
32438970
48826180
19559861
23038646
26339704
44163655
13179796
14983615
4331722
8585104
3603674
1721067
12293583
23034934
14366580
43319582
19426435
12421196
18629050
15701482
25135575
5853752
22151816
17783014
6741116
49196230
8331879
21551146
10763220
45347698
28700746
27588751
13103013
20029335
22228323
17241111
31742876
4595720
18509275
48321551
14561419
29382134
43458942
44825964
9224088
40214136
32349175
29730243
13702247
45160067
44621119
46819614
39645920
19234183
34554826
43658185
33207824
15814287
49714430
13190792
27658791
26654759
23667949
3326231
3461451
18652978
9002576
10984709
38694982
22681651
4431352
39217801
2088249
20755655
7475961
17277924
2190709
15776281
15830763
33144538
12157099
1915067
49717964
44553501
36345531
1245691
22152790
13272606
9309873
19680639
23851997
28645834
16011546
209042
17425081
26862361
9046894
33159269
3514184
12850245
43494204
18698997
42374015
42517974
30549055
47197296
16051713
38077598
21628903
13267505
8691806
48221482
26300039
29947309
26374723
40879804
38357350
11456314
5529553
4709877
21079071
27424175
23978610
15962155
39163295
5235855
44994693
2158522
5935105
13075181
22326881
2309515
12488397
13580762
49266692
45861076
28935816
37107564
8344552
47508904
48164241
45358740
35433607
10710043
40428725
29923658
11301176
35253086
7763136
14741786
12012309
37096725
49011101
19872226
25976859
21708132
26271862
37264663
31574084
21842153
22129653
43628569
14069380
25257912
26428357
18891820
28206538
41876348
17761552
13257771
7905213
1018648
34342532
43311002
2621065
41577122
17243200
25150988
23502389
23577926
46815031
41501021
25246434
37039324
40540657
14579686
16085218
17711470
21756792
2898908
27407151
44434666
2834519
22611529
32764971
9790330
20693695
15551055
46098276
41332515
27893152
43955311
10425156
23727322
27715643
9322153
1671821
18061441
16816280
3106785
17872286
38761408
7683776
21400611
46384081
38202476
7139017
6387840
12201603
45721758
27255695
43826661
27499176
47528191
37486744
6733034
12452296
6176470
27181065
14736883
10797357
43780700
9665933
29357501
22528658
15290128
24622693
46127384
38447671
47125894
25438769
42823833
5582790
48375392
32981895
14087398
15294439
19951399
41347891
13742623
9651029
38110551
39405728
49007905
20794330
23238667
23282677
23466674
47280206
16739126
627441
20009759
4866640
3479697
10226723
19932595
34148302
20186487
34941637
38615559
8231973
27966980
39367060
591735
19645632
49405566
49454123
27175520
15615640
20625758
31661135
3114685
39630454
41246922
7487319
20462143
3894937
5547085
21259633
1131885
36033464
35668913
28709753
49324262
25239727
43320951
13596953
13852690
8471897
4045018
47199265
35954832
22588952
38829958
14620411
39392756
10002449
30469966
43558992
47772781
9081140
30119239
40610724
5512027
41204185
37916662
48151931
7010217
5666884
11518532
43020448
38913631
39619110
45171081
26940269
48809
16598862
17277228
35160222
9185103
15628315
3921219
19119772
4980565
3209678
41824425
2491887
27504111
25599895
27554061
2735655
45690953
38607837
5332371
16546856
16282318
43244309
17723806
15903657
35789929
5936351
14687073
37076257
33311266
18661817
16542979
45011038
32753277
11432961
42671660
27573462
13979416
14194477
28626524
25600492
44989634
8704378
22758660
27669095
15668806
48997776
41227025
2972919
44721507
12964715
15545
18834962
34445668
24164860
15657354
23657405
36342234
5676552
8568807
21545447
23984547
34344791
42881183
12682757
33876211
25472628
15528273
22734474
32471323
22994179
36748087
35542966
4235029
36044264
49190911
4703331
16083580
35343988
37517872
40693186
17280705
40828122
42091804
15884049
28139635
21930103
7035757
25961154
9292774
16614339
24148876
29469171
6681857
37919849
41860033
8941389
37552912
37209188
38865234
14175765
2102623
26195186
38881456
3529974
8628257
31341160
24438240
34757801
44211447
33230067
12274887
48440749
11638217
47915451
36997534
30630805
18874153
6482368
28839904
49629971
31818723
28763202
41822440
40517912
33430899
35568702
46538830
14818773
19516565
2352786
46360344
3291797
25815100
36177478
35079982
41706761
18962448
33662480
17760482
47497271
3835458
13806687
7164654
26981450
7044917
12843682
21115040
18763858
24176173
14495674
13822857
44980121
21751802
40475037
27510861
14596350
32408781
1866013
43307064
41339676
4815483
28458562
32744454
14070742
27822638
15103956
11565732
27877997
49783038
37000663
35816570
36273026
47616942
4614799
35089093
37154798
499260
7652637
21490639
23687395
12289233
10362544
37926217
8012053
19618163
42185424
14397950
49947726
587013
38120663
24529308
28335952
28706220
40589962
36008937
27715704
41105742
46464540
23885910
22101669
20070248
33072917
16453021
24740221
6450715
40565229
33464387
19759223
12266487
33245952
43775941
49435828
25540776
18632236
41798848
18498241
15362955
18423789
8945095
14369177
991358
21564735
13259747
13640166
40792002
9399898
32158657
7449786
340526
38547924
49541172
13424196
29018172
23704886
26666371
37111541
6082616
30339459
30742045
22586649
22074409
5893635
46916117
26393005
29349177
43608494
26844667
11359651
201356
41663871
4156376
34262041
10488365
6984133
8458160
35398716
29132628
32019701
12651066
24423121
44899012
34414564
6552134
26783875
35693702
44597960
8076517
39636109
47411514
14084149
37655996
29968982
28946717
39099018
9511120
29100595
28020578
20639262
27293710
31711455
22606130
25904741
44153077
24375191
696067
5841036
6140709
2729146
3994310
1656505
23814481
28482683
15719490
2452543
20187437
27715547
28803719
45365206
14738565
17880807
8036509
39374674
35042150
12970334
14753998
18901007
28532430
12970793
48330470
48758227
14175959
24335289
15551684
27785679
9579753
11746588
31148346
36277722
19542851
29661374
19042194
35692561
20535439
24400639
37898799
49896758
41641905
26888226
24952681
15479297
5311305
8523185
44276790
14305659
24897918
21303319
17462872
48573622
40140632
38461502
38064623
36045429
20178973
21056380
6923437
7062135
15923198
1082384
43916198
27153341
14271653
46452569
3618501
25786626
26296383
17104899
11828391
41347089
33629211
34639642
43406544
24666680
785184
7715072
25806578
7909303
46710408
41614246
26079437
7351100
23144650
7927882
5222036
7072918
36087028
47307973
27001352
43330021
49731503
28191437
25668312
27744670
38125615
28591273
19398049
49455352
47391280
39352702
36929658
36350583
41960132
43378011
19455185
47538021
808480
43138378
19234712
9325028
15429524
41717354
17644410
34067764
10209913
7997271
34900850
39933138
35410914
47052364
45495234
13154222
2152185
40509529
44947192
40187005
49329097
47988769
10892283
30484623
49933305
45374207
28330790
42037230
10267136
49744399
17495468
24923956
47052396
27389733
20942692
49707084
5440117
19032429
41927214
28266121
38836113
3324603
5337216
14659866
36215925
14749776
8007230
6949966
42652319
23257201
35103775
15424744
23911626
34978973
39013253
38633387
11517186
41743689
42122639
13189162
34647645
31180010
27873202
14198753
49595626
25333505
26946625
10579424
27750500
48938784
46667765
24218617
10647329
69643
41692046
41310981
43502991
45850266
17340705
32657046
40040731
29857247
17875039
2759516
10840335
49756317
12012950
7713978
33166205
2578957
35225818
47744193
33728212
40703970
7355224
35220991
47633403
39483406
48302033
21000991
39938231
3484298
4407027
46613887
1152528
43475757
6624977
14586373
32383779
1305295
11430730
18569970
30188663
22581179
18234318
39882762
13860594
48388294
1631682
6841665
8548262
27868622
22169992
20171017
15350169
48355017
12755802
45024334
36095631
23747996
17593099
5608336
26152942
21722248
35438325
22256910
45316891
25365460
48466344
35160928
4505793
11292446
27626285
20263405
12861428
10687672
7479358
45517405
31343874
19072911
27829847
46343276
48939931
26636818
26205289
7405639
38159675
41824426
19976637
14934812
37840337
31013716
42088770
11788955
16695753
32721739
28393392
30747287
12824642
28816096
22097683
39901597
12291896
39759977
40801025
14311560
2086162
24318095
43226078
13758972
23729734
35620796
22897984
7153966
37262881
44390029
40123557
13378157
49806693
12018584
18141878
21022148
24488084
13968452
9985470
42282186
32697862
7360981
10222232
13034700
14154801
4832877
47114093
21374188
23998784
49312043
35512937
26793444
629013
23552795
43888781
24047578
22287059
45887064
10160662
1513905
38162758
2184597
3945986
27414077
47779465
16181391
1377497
48709252
45317909
15945640
40943640
25331832
9785668
15045174
36136245
36942469
25683935
26117363
26097905
32404909
44829533
4950301
47985337
25774591
45184576
30042900
8152938
16248026
45371060
28926702
6189109
36182554
30969162
5814191
31929132
15473928
19813763
49555233
15590251
29208292
11471008
28883136
1126245
48388267
32070879
21448647
46184667
43317572
27843713
11568316
23454740
20724853
44626075
2324736
44312819
24584838
36490838
975935
1775509
8649811
29093033
27193783
23034638
46893392
17036670
49497584
28470016
28041965
49351729
48650693
39814313
14383629
27552038
41021985
18380445
15524383
21831134
20278828
32275080
23658612
30076109
10346703
27943729
35593435
32967148
34406779
48153068
5077372
22111660
37293476
40999624
35693771
10428079
12417365
10639522
15088527
20706395
30057907
3328121
49551863
14046292
16867550
17659203
3686490
38600953
34906564
1844137
1114613
7367666
22635559
42813425
33033333
33634117
18055589
28523974
30601668
26941086
29345547
38223635
30806618
22335247
36682511
38079365
48854831
42046442
8025097
29426551
16845992
23795443
40331823
33266514
42729974
40933629
31200820
42717960
7103493
10328726
45017814
24356125
37723513
13457495
37433745
6240163
36979196
43812957
12831599
34472183
35656601
7208485
40586791
48428441
4457349
36916378
44452775
18515631
4961886
11576233
47512132
5985029
40768294
24149116
17116295
46183868
3631012
35345638
8192815
2222882
34913953
8626462
22246280
36440541
36117976
21613977
32060553
43418278
23925026
23741436
8095265
11476740
28444344
13095975
6037407
4853503
28148197
33409043
40975691
49123866
32127890
24044897
12399085
25647808
12208679
30209861
17529313
12532572
27780774
18799260
31885894
18568348
6612486
34442312
27311142
19569288
1476483
40422650
15721328
28269532
27491748
12012653
14126605
1216092
30044456
27291877
8676155
7526946
493926
13942656
38237391
26981475
13887050
8540168
13205570
4050161
2254760
5447750
30396533
34467728
42518821
38090964
30470330
35980087
8067645
38162911
45224587
12767374
9917875
3773895
12467117
36953724
26639921
27135808
20198234
5473005
35295399
30460252
31630638
17053637
268053
48700207
46862355
14962957
31083470
43891046
19757798
20797132
40324807
32371759
41584521
48724613
6606478
44814806
24074656
47126641
38973043
22948381
22614972
31780167
15075352
5303216
44089541
27026796
32539989
39517647
18182794
24937763
12226882
47752365
5355999
48392438
32135974
31850048
30435206
4358064
2435758
15798929
23514499
6465737
4226069
12375263
32531754
11200613
28929474
24473033
36549979
41612624
10417407
16538400
21755055
26434968
4914313
15374452
22220789
46436798
37647851
23633906
24474327
42784483
4868500
12424210
17059549
5627484
35948403
29132367
42193554
18146580
5505119
45251639
7577463
27818956
20914428
24909113
25053978
13517426
22682749
22093251
13379438
46901961
6335613
47505369
44216233
37424122
39806508
3622998
26238556
24090981
32711114
34693252
24034057
22881432
36077481
4917030
41227015
28284131
17419003
27023017
9430062
28956143
39914146
21919645
1335440
24105651
44363297
10834349
32670129
34291132
11481864
22765243
15925465
32842007
46850000
13860865
31117522
19259365
11796305
33263663
7225684
9828789
2242665
31401307
14351263
8483795
29281028
32869250
1358916
45796772
46784716
28270952
12215757
40376226
3695522
43613147
39522650
38816697
25299385
5198199
47223840
17082693
18583270
25152364
586806
38805941
16880920
31202186
39046577
37753468
38940919
9489314
47272293
39386495
27360383
28114518
16548100
4304221
28388345
29106941
15041648
27575620
23392054
11795558
3581182
25877526
23334232
49951796
35704395
41916033
24507951
66463
9937
30329349
48708285
32577847
29051287
14571693
12460864
4922772
20199636
29150789
33994492
14762472
10753988
17370026
287722
500596
24582271
48026091
8658305
34493699
35940992
26169693
15311327
16398347
32949060
27671276
9717380
27470318
33286785
33770955
48828158
13997297
37431354
20984510
27474570
36651457
13581105
18013421
43119087
7258695
43135337
42129908
47952930
23622350
48671509
13837234
9288416
10952817
43002413
45210478
35886440
19881044
6879218
45155841
5716434
6108827
4777251
48073432
8901449
6245063
48379784
26320254
33124683
22824798
45965198
15416251
15849652
39351254
16928346
46986816
17094154
42540257
27426349
1458549
40815341
10690437
33819287
14717957
40062992
55769
44552030
14228556
32184448
45701941
31580922
25828865
23748270
12128491
44655091
18528330
1792520
176097
46708787
17873183
22312997
28897648
18313637
37149875
30980426
47900499
18854593
13855921
47674907
32508802
37672082
24018105
35999762
1754914
15293631
23625225
4861038
7049039
39113786
33159211
44610084
42055468
10791180
27101768
42043846
10642506
28536185
2952292
26169717
11171714
18573011
23003176
1662951
32318246
2019772
37839287
46001437
42235504
4435026
22871033
43115037
41598061
2531223
44769721
46058325
8193869
29356690
32862357
32592982
39903796
12140924
43940233
12316190
48297367
34147235
33097418
47525927
30491712
17570824
26017325
30998349
48942732
36594995
33954236
29194513
31809020
29109907
48608606
19923423
15110140
32181927
44490216
48646581
1624234
24147709
1013790
25849799
42312578
35888303
39841253
43045894
19935560
38594818
16560349
15855780
10222918
5589656
43553433
7397906
1938970
19151798
19623418
32524653
27680157
40089919
31727542
49166806
20947003
25138595
22230187
32618807
9630200
3501784
37274953
1165044
33441901
17893006
10948424
11346741
32278499
9697667
45968003
28203591
46074428
30560582
31625045
249582
4088626
47065021
7773135
26832440
18801991
5717154
40473021
33716972
29619154
16868624
33831557
22124681
49319365
9144453
38106736
41521805
29692127
11925738
6452424
28028095
5873446
557733
27449103
40687954
9889806
15309945
6830911
16728771
42362840
15384139
265877
23990970
44909616
41592431
37220101
10508423
10712811
30966245
28977333
28758628
5187329
1327381
19453179
37789187
8981961
24521730
3210116
21598835
16010062
47561226
12482777
25676995
8246971
26533523
24158295
18859766
28883639
1584108
33061480
34418243
49664673
26162145
10220519
20513006
40316405
26144461
45872364
43469361
2061558
39736523
12927926
38993331
16773428
28942419
45129378
20701151
1172198
46910797
32152023
13983483
37072878
22085965
11095245
5131046
27529212
1030506
33198960
43265587
2069681
29840150
25552499
33322576
8882666
41845376
11715426
8566473
21466246
44226349
15677283
38252297
42442829
27993402
46294468
28499966
44124681
39814530
37820586
44021489
7946342
35024152
4137997
35513442
28994878
23574914
15362930
7920565
19437833
24464952
20460478
158680
35294921
12602742
3891542
44884629
25868704
28926500
38829252
25299913
41231152
12714411
3885059
8354287
13542722
45630141
41018398
40345675
21101700
22892701
46634194
3195632
31026934
38776061
5147607
21821848
24477969
22492482
17889227
21114651
24262777
27170562
43609779
10783350
38545529
49394454
13617672
49526120
1841673
49484869
44301964
35019945
39023728
48568873
43791222
16495345
18370734
17004961
17409618
35909034
10777707
19144323
14907712
40615809
16888781
16447098
16563075
34962837
45008186
29752166
3068502
31623869
29883936
9359465
24379777
47176273
49171871
7362081
9377550
46931158
36470029
27821142
33456810
40586157
36848735
40716925
31866571
16445868
14948834
23753135
19144955
17804894
36171710
34231222
16367581
7307840
29310623
30482084
25405081
29122368
39829242
21172376
47913959
20834752
1556984
39523991
33653029
22870931
15796402
5897065
40054468
6956386
4284941
1393294
37489355
5666673
47811117
24857702
33244230
24756184
47904242
48864319
1208166
41105890
29634219
7817449
6437895
36572685
27914395
5338576
28633404
48482620
23605444
33096482
30366338
3255941
16910953
46491424
25187246
25013047
42780014
3018916
24750492
38231796
48414652
6490073
21283010
35280246
19492614
32970308
22419577
39628564
3713637
2018157
44052752
17416700
48881187
4006925
8958348
21602349
7722725
33815318
1123409
33049045
48610289
30496019
10784182
28964362
46410908
32490235
27820758
48787047
3774270
6371419
13016383
37364183
41129736
26442744
6535279
26705103
12000349
13662377
16431284
10331360
9970298
10796472
42689182
49811700
35693832
43818887
1167966
21607136
1031683
5373357
21889614
26130711
2927358
21335493
24256467
5429642
33264378
13574694
12707459
9084798
22518868
25940002
29250074
12718636
29113301
7166920
10659330
42969194
9846995
30263650
9325253
45567390
14482405
975082
3892843
34412835
12265304
45689449
21329123
38635088
31637630
45084995
11636977
28894064
29727521
49721519
48331315
18934457
22478604
44324610
37493525
35855572
34657566
23248562
36907319
37676683
10073154
16519169
4293799
25666585
7950303
21884575
13528730
13088642
20361192
26082136
29746959
9290205
9561063
15771505
24861109
33646586
22558654
21562087
35013253
49080948
10170744
15214232
18911673
35837433
16538760
47424947
43709426
21392144
10783722
19229554
3503060
22111659
25057732
41989967
35764699
18304042
256350
48620560
4686480
26467990
26422020
34406855
39606288
43147976
28739343
8616924
36566179
21209751
28759596
36509916
35282146
45810630
18624750
20593383
33760157
47398329
31258805
25100614
37486356
22430468
47364023
13720972
1931182
27576828
49895785
4534588
17645326
44256879
6808884
34354029
46222517
27257484
15723091
20035571
10776002
18244214
16857674
19659198
20994741
49168777
4768904
45938537
29580937
34891448
4840310
11913233
45298055
45394255
43478651
38023628
43122026
17888712
26432164
6481663
24065434
27644225
7063339
48056612
47201208
42363147
22443001
48131232
18214843
45367585
41132831
32509696
2241069
45102300
28143659
36705272
30799809
39328833
4069194
46472413
33208935
23334992
2834599
13957979
12180186
25850652
11710571
10760719
34509094
7716928
20392769
19253972
47098040
40371803
11112454
17531768
38084101
26105174
3851446
48643735
22193657
15135806
45971297
23413935
372850
2892119
4127207
45942393
22911338
35357791
5765326
9661163
21696356
6521353
44164872
48887498
19593696
26153704
25622397
45557930
25744881
47214478
43408537
6040831
19261645
11078677
42517582
11950009
42568445
3283977
9677405
7753598
21572750
38307349
16286888
12396590
43117283
16235078
37864264
36408661
9566614
43234899
12059276
41227496
321524
20095716
8747529
29184472
33397960
16899975
7949489
24435820
33441382
47211152
23645380
6903131
2621077
46325027
34328345
37694660
33727055
19317701
25426035
22814285
9985430
27369487
43580322
32275851
10046955
24171647
34754823
27550530
40222779
9996367
13700848
45617660
34227451
1437906
49321949
33614565
39364128
20685086
28888921
18655741
11028112
22476378
18987166
9352472
35083580
20316216
48262002
32715402
47715664
43468547
9938363
10960377
46006526
10218874
25985448
46921696
41102787
9927822
17548600
38543428
19727011
21534144
36991369
7869714
18892722
35590930
12417811
3920926
17065824
15328915
10357165
14632469
21741578
5419449
43302704
47998430
45341767
44734526
46501076
21049704
32748083
456991
38994370
37069578
42476257
22440490
15332276
22792264
49728242
43702648
43144566
41947902
7214610
46194558
1306721
20951703
32739443
8340589
48275352
1864717
33499335
25417961
24892954
20989986
12263111
40284128
26457860
14532423
18348565
46332138
25061989
40071965
45947717
46789397
19474090
49567752
14247228
22854259
9428980
26047991
34071160
18852562
17977089
49311436
44591551
44220666
36894624
12371911
41817999
13417528
5137871
32150480
37708571
44136382
19168753
48238696
16693005
26419824
9531156
16130020
14282599
48484449
35424413
1372810
33727026
7959937
1441613
20214673
4841524
16611121
42661270
9613011
18272299
34198105
986402
18657887
32632709
12359302
24888852
29355152
6329229
39150309
2469045
42348721
45987954
18418084
14089073
3385160
19651179
4663226
37655170
46983991
24652308
22207565
12148069
46914361
29320580
48806082
22911515
42918624
46426458
35153948
34199929
38618180
20970518
132574
8348958
5699203
37339630
18665538
7124457
5174026
28918300
30651820
48785201
12107924
5961385
19169557
35491521
26923030
13460195
5367392
13482223
31219268
21773664
23131367
31583928
32347333
33018075
39911807
48217419
2325657
27057098
8269315
32077627
33130540
5185734
21368333
550592
15413786
26067530
750880
8093067
700290
20775514
10546080
13690910
45833593
19706490
43074030
43040338
12027234
39688964
15738570
4049045
30819198
14940742
31833194
43476911
9897442
11621908
1831294
1812982
41843573
29331749
1424167
1482157
4072123
30422840
23873566
25138763
29658490
19448696
39663823
43697639
36940319
38901752
33750896
33434159
13171772
14136486
39395251
1042328
43202863
16757045
35966908
36028734
16491579
27841184
83150
8688382
5459273
6536376
31635908
21997481
36069853
29629997
7286466
7173942
2250109
19544379
2606293
9701463
3955957
19614067
8128372
37920351
44812756
18628203
11461403
46957723
41584794
32897503
25086987
49891687
4558962
27181631
23368686
1498291
39187284
20449649
36918042
42914227
40313675
11970481
6911452
19487193
2018403
38526716
41156610
8387720
9314476
5530149
40075990
47496787
38985823
29674436
7567929
47959843
6135973
28218618
46728511
35035308
2368632
28502549
26728188
6658590
1518031
22027499
32360396
8377493
28515307
46110921
27028910
30972818
46347049
22060998
33681729
28336363
46530786
44664226
43334471
3151952
413663
4838174
19081004
36482030
625
24627542
16791768
12031100
33894656
25566989
4226187
7959415
21765620
13777756
15069830
24954869
41966177
34677047
88932
3082604
18713459
47980
9461541
9896678
33210207
39065905
31723630
14934334
3670953
1684571
9511224
11534190
18150857
49100378
20571233
17133619
22294064
31732494
34205052
9641601
19113589
42984435
3896413
1241524
35004985
6536695
30750043
41721223
49174987
25245612
37572359
8991962
10152297
25208420
6976498
9353726
12855678
2090298
31918517
12030485
13835423
38036455
8972678
40245203
6221015
21142200
46657509
10930015
9524843
896827
10427033
32609916
7690658
47306337
37105851
46352553
42860109
1970545
31495415
41341567
28121219
1244216
15057849
20896021
29861169
13347136
41805434
1112757
2194199
36211212
19063809
43259087
26416105
27964463
10460694
19355362
10887478
41481997
24382921
20817098
3197489
13259379
13735082
12172646
4358201
32090548
27568706
13271588
26068047
44265287
16912670
39264150
45467557
12236966
12515944
8770385
31278310
11175389
16406998
8774053
13619107
2905723
9058945
14667709
2533631
2873070
9487612
31191766
37068699
44394662
6940297
13040100
37862078
45190202
17006637
38178661
40438919
42413872
19821084
41745322
37723852
5483083
43024677
26356276
7590844
10852713
16448309
7036540
31452374
1046732
19768179
3032276
2848049
32302743
18758295
32295019
23122114
47251276
17070195
41741061
14703639
41272288
39860542
26141068
12117066
22879990
8555171
37686124
15195415
25501936
28618501
15755041
38334975
30721085
49986155
14503959
40080168
32146036
35455710
45613474
48050186
12472631
21625997
44469301
31157946
37073554
34257566
26609887
38078815
39418627
3518096
47720076
4174956
27475155
47334120
41382860
44451014
21336444
5779626
25700724
48546545
48483174
4175466
26569727
3746916
26689875
35723459
14465926
41196312
41785866
29454648
14233993
40665034
5510886
16702519
23607840
33247257
41063578
15564835
17428856
43513585
14244845
34348785
15148525
39352023
38081913
13760619
42886306
47414169
48831217
31882732
25304772
598375
46535623
39276885
30735230
11365981
39784427
25309372
27050115
33509123
41803974
14050517
7904965
45728640
37930903
29718276
48887045
17701190
336579
3631671
43167539
4722534
20779969
10317706
8054047
17806025
6104342
37746533
33496288
41424428
30794215
1716102
1624352
44985845
49976421
38848871
39574548
18327710
47623058
42626501
2967774
43314473
47449718
23788275
32300407
30794215
20835034
27846844
37555587
48616909
10184722
490223
43018685
34700817
39722120
963360
45174950
145988
26188999
42108343
42022479
5394244
44962295
10544070
759842
14036777
41670729
46092556
21240739
22262188
31299859
32429931
785061
37383497
2520686
14413002
448141
27107744
18766244
5503662
15256577
15228742
24284628
33809193
10511543
8953160
29853504
11311591
31760184
9614725
13403970
27653512
25115587
7321587
7062551
31683367
49573484
40948977
548005
47020914
48078166
4353282
40736522
45153679
16704250
1969647
30963674
41794131
7904875
2324586
30148268
3490090
28196659
18219925
23496629
41358064
47977665
45130903
30893300
44462779
40964813
7892060
10548749
13096040
42243452
23116914
20678123
36539313
14283301
3919808
30689339
21503806
43137233
14349314
3842958
33314621
30691155
37748144
25340336
9734126
1761983
31879191
26340528
2201491
3712617
23417242
28202090
9130032
6053000
20089786
1928653
7146412
42429798
13905061
1518639
23064301
33290663
41477480
21453063
4009518
24070878
33441577
360546
2602897
43974942
17646066
11173104
21593884
20363927
28931601
14079519
24832274
47115292
11918951
19054237
44960991
28789603
29142466
7909893
5441505
44945288
35881114
1147818
22635080
1982106
3616872
26222740
21180155
14848688
29986889
30251625
23650702
37306850
25647387
12239937
7878573
20876133
29837530
7415889
30993879
46255750
46262483
8140410
31559481
39509917
9512392
43552660
36581708
4286029
47212483
27989743
41273262
9834776
14843096
47442614
32602395
13217224
13988111
21787929
38984695
7247925
46140891
47626669
9822534
29353474
21817530
24114220
22688984
3870690
42761397
38425840
12202286
46048457
21074628
45560900
17810527
29821582
10305448
32859639
36488162
19705124
17177143
6074236
46276562
46787736
18198889
16286626
1916617
34683124
20177233
37531998
940524
14694150
8338651
17209155
14979139
5159344
17229873
45220662
31599246
8043885
26890100
34928581
44739068
34474643
13425535
20009091
31916024
7540803
8536105
38406675
11448803
37581103
44758936
25784609
49130641
48522127
37095966
36089069
21892417
25211743
26122112
44155987
9366350
19351147
3849799
35128545
34846267
14422363
35189559
26535003
24870258
18067046
30256713
47305128
42263291
48820886
15297592
17732654
40262988
10528844
6569629
719177
17630064
38854099
4514044
42693477
3419144
10467131
16900569
28866002
29366948
3458007
35057193
16961047
14707202
18465641
25162856
36500900
47370489
47217305
3582316
25084666
48765626
4189243
47873584
8670977
2286149
42774450
28100251
40746397
34030268
14150146
7918375
38694822
34412389
39885814
14982530
47704639
30309139
37567158
34590767
5646735
36215306
44605562
34076325
23207690
17569286
15643285
13649674
6447967
16976702
32470012
22336252
4770974
31055418
33162054
9948059
35473074
47675360
5242848
22589744
39496752
17796611
11872904
8311303
12221095
28465496
8191936
39143264
47482041
27632230
17714347
20888996
17498732
42352991
26036844
49450324
39876121
22279977
7311804
22147588
23558851
44063089
17966908
19998585
38940241
33527237
28166672
35052012
34010712
20114174
46596629
18078876
16059517
46301727
17175123
931808
15492940
33438519
43878504
45201178
10533934
32529919
39856677
48659693
22040143
15959790
38158470
24498761
37199187
45715477
32456959
43973261
12293958
30421737
35169093
44346363
28242005
49774709
7554997
32134896
3781029
32813060
5194377
33257624
24526624
27362441
2651655
47282222
45202297
39239466
6660233
3686735
23970684
48759301
20258711
28476931
49775556
25659671
30741509
24682679
31031200
24476491
39261160
46409284
20858758
39114012
31621303
9272068
20650076
28643854
9931070
26997207
38634548
20474311
30096530
36778954
44249654
19824656
25448660
47235530
33488995
439802
13313723
40940802
25730859
24990951
6799121
28547315
8274442
30172476
17030448
36966994
34215970
45921674
33101035
43124484
46380581
43199330
11114062
9302260
15120660
19533380
34598997
19641351
18338671
29358925
49779843
2212682
27685992
10395724
36961202
44537341
12613972
952795
49469285
23160050
18982779
19593369
26452247
12539059
18205150
7552247
38708028
39345311
43082672
24614379
29838349
15113575
49851916
36997081
1172161
40753128
27875936
48619386
13256032
24729024
18551791
12590467
6206888
46963071
1556360
10634906
40025960
35622924
1528373
49721746
48726405
16137533
4457270
37396342
11659914
38967833
47113144
19973661
12742869
15865233
14481735
9486266
19926396
14543472
24020311
864674
26365519
46137395
33694769
21530356
5827236
37425723
14905975
16337505
44475825
18182847
7499604
14587274
21119736
45323143
32803513
35672873
17497332
26293488
28335999
6076016
5824737
27255540
18671501
15749223
13181950
19373137
24210641
32138261
6857225
42142125
31657638
48490036
25960010
25232013
6473489
24778493
9166605
19569245
49026436
35994094
1419101
10712834
20206552
33757182
17517534
27273440
1697964
26556753
11193195
2338271
40878226
38249286
8631744
12188465
33542922
21580431
28684185
37358237
28590723
44602622
12440981
12823531
34613713
23433769
15736600
35378943
48787618
27636510
28696091
44608956
15738222
32981216
1412931
38093406
7620454
3596728
46055113
37727288
35161586
25146730
3164713
28459373
4491879
45611922
13357489
23420908
11473006
30143404
25315895
40490056
34093673
9249669
42507685
20870033
41460837
30532141
38137555
17005805
14747772
24502904
19439438
37704920
30563165
44733422
22271154
13626364
18483504
10584708
44196854
12127487
10087909
35097233
39458527
21339887
3624383
10539071
3975203
7314397
35562149
13422460
12239700
38252972
16564400
1319705
19916017
10984865
20610507
21826843
42543760
37488708
31368666
29911597
40411127
20322504
48440585
12240254
24876419
30573596
22497842
21963090
1803935
3851891
8834308
42010770
38153314
24761254
46635744
35218228
14172472
43420815
14659254
12865798
34326860
1438690
43611933
5236248
45950941
34322595
18157075
30710839
46784835
22420440
22344653
32866971
10725732
37730923
16037575
5230463
17388312
19924111
3827383
3586811
280900
34579936
28523053
35479919
21567488
36184303
13552650
18344440
8942186
2236710
4088377
4718115
35865612
45926916
35282150
45950272
30752946
32707468
2750189
653373
26926320
45245301
47776337
7810811
38218551
3453597
49833522
34084417
41387004
10489614
49882130
45478676
35341990
7595102
1464362
36209731
9793012
32891304
9413457
49737752
31425389
41061980
18115029
24647954
36736775
640780
17778412
33994661
38791079
13983314
49885266
24067763
20628107
45059384
49094738
12517480
12013562
27097758
48833444
4515523
34616495
18742708
23622149
44708284
30691080
5389063
3689716
41677325
45501471
23013171
29001262
9153402
7661919
35158777
18430707
36799165
3495146
5316738
49700702
10325636
4192356
24569131
45549943
33434597
10502173
26973643
5571782
5220453
48458282
26619302
26924073
28506405
30623074
34292742
39650123
21386704
44260296
16987
30902675
24430319
23428770
24725250
24369301
42809586
9678620
49241280
32069402
23949706
21575068
41398932
46061488
44725528
41259157
22746771
33736498
2262663
43841609
20573570
1621651
47147103
40516579
30306433
38564320
17102306
33316186
35980908
44260500
7320494
16479307
1683399
43654581
49324808
42412786
45065219
42131841
28616061
11416158
33103921
6783896
2059028
29586162
15494270
39995660
89448
33360714
11859766
15839720
31732990
11373806
15823363
44081795
6010740
48823485
32613451
20932302
32498001
40650952
14763655
7884312
16219812
12629807
48612495
35150658
47489953
12235271
19152064
44003482
28624702
17194453
45949398
25060838
25389773
19891210
44765939
31631110
31507030
12347529
38116268
25541634
33236002
25782447
43616534
49102995
15689369
46917237
32480605
43578253
35233901
13620458
37858910
30393434
13778704
5063703
39154290
37435342
12682407
41222791
34872622
39798042
33545382
1391721
17799598
18958719
19242423
13792849
8781806
45335101
34994139
29301473
31623331
33778412
6114845
24267041
43365959
42368362
14202726
27871444
3416704
22574231
25481560
15492794
10536362
18957265
7873223
49223918
3929027
15395024
47354482
21681791
42849211
11342011
47346752
49601994
10967469
40152169
41818
1251544
25020585
35593372
3143588
48628450
42615511
919625
37065613
24679994
23688930
12846423
16054399
32883730
24525104
33919359
49098024
11303181
12822190
41972752
3252444
48191495
38669477
14360847
21431341
5766432
43215539
16939612
48543376
33956129
45452648
7630573
31461744
8187479
13813774
2824724
21109929
25787523
16217609
35152688
1340119
2889110
5257919
19655336
28429862
4800219
20924396
22174513
33529525
38586624
5516336
8364276
33016498
34239729
580385
42327243
21503504
39130484
28356732
23211275
28441670
44166791
42593485
429471
40662780
3249243
13402576
30978804
18249336
32041000
25822857
26780691
10318281
46359294
27442930
28844540
17698056
28906660
39068883
31470235
29729961
42852738
25574998
48270879
37619814
48293576
25789862
22725245
17704314
39887635
37417162
38956745
10047583
3273618
5388575
39238348
20419203
33436831
46645467
41941873
32454707
21348132
12126228
48565223
26430266
12605957
54812
13094698
39327330
8964491
21368038
49958062
7891413
21316519
32701415
34926526
6132436
23210433
33887515
20482287
43024548
46925276
3293030
13455343
28390908
41801559
13010458
16635695
46831125
11922991
42665922
860358
40636827
41384138
16118296
32131417
47500997
26433939
18246393
31153596
15858439
48526921
28264990
40605391
1607793
42627919
23096893
9035146
23614475
47796823
41132572
43886406
31206099
45968690
39926385
30627864
37886305
4126099
29392291
11252907
6006947
40299913
9965645
45362958
24333548
11639245
9561144
25156472
45030033
45770626
35956880
22083352
12095557
939466
14044367
2272588
45283368
4006308
47215570
20102816
27649272
5307224
25423639
48724896
47019516
17913547
34870241
12412961
20575677
37179659
34288560
1714695
25020372
45121837
6709951
31919208
9470954
39915947
19757057
37617752
10044194
23879268
10658589
2207405
45740657
29590560
46621747
12356394
13052653
29535570
4287021
48816684
32634666
19386007
46379751
6135359
40966927
10689206
14687995
13074192
29760613
7551673
41404
38317188
19913148
25677864
23800566
6970302
24840828
46627609
43695491
39602187
31425201
9510820
1823979
48963650
28729398
28122807
29712659
47869085
32096921
23267200
36899706
48578867
31527421
7625183
32098480
6327391
20027241
27148358
6639582
34569795
49750264
43645868
10048549
28467600
48716971
34733839
35775511
2299461
5180716
38061263
22850822
3664383
35856208
5878125
4112916
16454793
19571028
15860955
18733148
41504191
23211133
20032881
49406005
49855691
2192205
27095105
16473226
46090245
34845402
21379069
25680626
4702938
32227190
9377921
43735491
24238262
34173317
15064774
47258987
35822115
21581281
25766388
6815192
15531067
8200128
21887536
37262820
46612431
31961837
28627672
16851299
13687420
25857636
23004286
14291536
33194628
455231
35822813
44592019
17179752
26808314
4148085
48202
19162255
917337
16994812
28299339
11666519
7338054
24860521
38217377
9197671
6005970
32073988
42686219
32011448
35970047
985326
17945975
45471556
36864904
1141417
601374
27013123
13208153
13927780
49216331
31886105
18739585
33548219
5637789
20937978
23876824
4117214
36387364
28248238
10410952
23652912
5050330
47563750
1577007
17347232
31594763
19075942
23192022
37206203
18823950
14274979
9501129
46980107
37841423
14521657
25671479
33639258
31602459
4782965
30591754
17055991
44133579
43407871
35055549
35845703
14735210
46404221
23879730
6725929
9482012
46680081
20910569
13403431
1006976
10414999
5191797
5825209
26841165
47439058
14290364
5771215
31509231
20051498
43450544
30999211
36664662
29553880
44394932
3239450
24179176
4346236
22103777
16947356
15310212
25654275
7408586
1581819
22684772
28593967
49131065
16585440
31504122
7803570
39362916
41611825
37017558
27066292
49184409
10680619
34993839
23222901
25264924
10948217
10744355
41079507
48214309
13194058
29724004
36970664
150445
5410783
37242032
30557425
13685076
31024047
6897828
24614374
27342897
31947532
48711050
31202924
33364706
36727407
31961971
30475954
4527096
20654001
45896837
5687381
19450782
18001301
4046584
48594815
4224494
4819155
10526010
8763645
22471482
18813605
42687372
46518707
20309123
33078623
29378608
35666975
19940956
49078884
12761800
27933314
49417709
47162202
2000541
3030061
18609029
26803706
9390660
7970840
22546338
37039701
14489289
40349749
15319509
14805350
6170306
49575645
49580251
42904191
30652190
6411304
15805348
39485682
40118512
10795055
35289316
375694
34471235
8128232
16639013
10325797
32940968
8855732
5694089
24598761
386344
9287334
40682783
2291072
41809436
45278061
28370137
46440533
42025845
31089485
21762259
24891576
1129165
5700157
22033444
46571496
11374056
36117426
45710543
47336965
1587733
12201190
31791062
22657326
44811375
39694793
38810862
24857993
49800178
35890819
9000280
44227629
29605262
28780366
33259168
10550120
22667837
24065156
3995732
29573052
36812222
39865022
45804356
5897754
43157085
15916010
42845430
31947479
11650568
22861472
47917207
41609244
38006217
9357895
45019583
5628754
41623373
10858372
6182916
49178285
36624762
8488420
1414220
25324370
30501766
8772185
27570842
31827661
33085520
43430872
32268972
18154133
28644819
13125833
12006952
14468415
445709
20850764
46060916
24212667
38603094
6291689
7834999
5633899
31485600
6149711
49252322
48643878
23973908
12505490
1579162
13717401
39946897
49491417
18232112
8775970
27567141
47920242
29572880
22141311
28202229
21092321
33690316
41150695
41081690
46048922
48858068
489867
19563126
6205059
16953711
8216259
37165551
22080223
38896886
518538
1727057
19309257
25668105
7190613
8037633
42667395
46187032
19145210
15109842
42535648
1321573
17403451
48210629
25805659
46147340
44033520
26114321
20690641
3680673
34658571
23063444
21654663
47164455
11178252
35655886
4008380
22818031
18043333
22027525
428041
6308280
36668105
37500343
35476721
48436838
10857508
33358006
14908855
10376266
31492327
27447789
16689364
37854842
10631338
34486812
48861401
40528025
6768642
34031767
34669920
39503452
19820399
42425289
35648749
16414421
16911095
4163550
2701051
41559636
26011474
6528570
38641070
10601698
36153665
47624899
11920214
27346324
3617363
13100453
37913433
30784521
27158065
14992115
26907741
27291214
49294291
20179963
36022771
34761951
11730745
42671177
18463613
5832364
12810766
2044161
5764680
49110014
33934982
48135669
12058765
48405599
32748156
17161859
47375507
24912311
35287897
407259
16640369
31863505
40878258
1770849
35281498
31201607
37293098
28262839
15110739
4640587
24933123
35520239
17672491
21190420
46550272
3113518
47556553
16423909
15311588
21247417
13866077
25213199
43668810
5455143
43542243
23093789
28081142
46237403
36499447
30931361
44355575
45055197
36108511
43403946
35977226
40422619
12862958
13530860
25649732
36174802
7167010
35460424
32441590
49139228
44644195
38385707
48152908
43984108
47279413
37161684
45553324
7938742
26182391
11813619
19791292
7618336
44947201
3270616
37003402
39871300
42808408
22909492
29765988
19321405
27957004
10014619
44676610
1425184
40003453
29429179
12826241
40268999
18380067
674757
32985135
30611210
39804923
38264669
34224545
36713109
15975010
32475553
10465039
48785730
44906310
661636
31761250
39576686
49328193
48430645
6903789
5722057
42991835
14824353
1105453
29930870
36708987
5750926
13029549
43231194
6961538
10955438
43161294
3869472
2627319
17448871
38400528
21066788
26158131
36086609
45817261
36174034
24104370
30031103
15830069
26788583
11558877
16461581
16706283
4659249
20609955
20559672
29362855
18228697
48917763
10259986
28181446
18075213
23766525
3460139
28180143
33723314
24852735
47235313
4249541
19953595
48983308
24815773
28522109
46220468
41505482
28627581
27113957
33906582
46373475
33303096
38158701
11845145
5207515
41885643
39760790
38017097
25902622
39879796
5209772
18944426
15276382
16234127
41483389
12025811
30312052
35848036
31788219
49106125
27724718
39092680
13600289
3370044
41621644
40192700
22659663
10856035
16721770
47101890
510750
19653049
27835307
49765976
26901949
8066135
12070302
37406700
45615291
24628560
30119419
17189550
11927473
49758258
32688149
42375222
22158050
21755075
17350535
47185791
25978025
9257631
5079900
30894144
13626930
12826120
28449179
4540629
13330181
49318878
33942789
31669448
40598721
45805316
34653757
48422490
5314023
4960130
43632283
15539353
1949490
16914998
7911437
19758796
18742075
33107085
44340060
3973928
19870206
24926039
35428039
13822928
3678839
23806868
3752414
42298591
45392856
36630350
37411135
48372652
37121187
37124246
6406834
20620885
24575091
16945412
12657201
49743761
37425258
26333538
2677796
4755287
11045858
7501465
10460544
42373785
25124336
44920053
8495833
22252842
1978264
39779612
10308802
28024892
35031292
28434312
19123679
46523828
34127228
21906277
25122291
866208
29954624
9983169
43717771
38682583
41342221
3942772
5357587
20793760
3624887
42856851
43844868
42488004
6864502
20560830
12330040
16821568
49270020
43740443
41661426
35151374
18650884
23997364
31176190
28589525
10714291
34445116
41944480
3758919
2714215
37488281
43212853
23281187
1910516
31405150
1606705
44251567
17902064
26033649
22798369
35043904
43770534
36643944
2646706
45659294
26554424
23931162
9645342
12136177
45284829
22167147
3460857
44086141
12670741
49558244
12777905
17415488
16010838
42591641
25195801
13840904
29957438
18135569
928521
27973351
48381164
30326928
41087427
33362946
11666246
47020772
2188385
29413401
8141669
36604185
37705413
49607382
48519864
23490130
14213614
24107160
16112995
5312624
39555329
27754188
10874089
28895261
31368706
37414425
9409891
48697999
37125508
44528003
17579502
18362393
30603625
29068198
43321551
30137935
48734290
25412334
46815252
39868960
29604951
3540699
41305096
8473038
49036640
21964824
12084315
42255619
5754612
7804103
13091908
24383006
44024485
21623249
23579405
12113232
23824690
31130841
9611784
14338205
48419069
26825815
18547565
9802469
5800464
3106490
24010123
34195527
11380491
14653383
33429801
38915876
38489996
45489595
14270244
31108687
22997300
6441433
44571697
22693081
30943181
47865891
2589739
8614799
19481643
30491882
49308398
28914134
42912446
6734313
35334248
21939505
38387358
1804545
3669666
37994816
10093439
24133042
23644552
15177499
47020785
9686901
44449291
189525
43828671
27957400
49177695
7173012
4300208
34778938
14511655
34548190
2624624
10652918
10171808
39390353
48891526
17812698
39407060
33413388
44160754
32414116
30074405
13277588
36320659
40733599
4178745
26549802
21404318
31946012
6303624
19203045
7448940
25179470
3928759
33470508
39141435
22472436
21503678
30127103
29145890
23385537
17804114
41092123
17550331
40868040
34868961
27137725
27474912
29924789
20292046
7731517
45449000
28981935
27251168
21860074
8848739
20858281
33231243
3574847
49679807
3220669
39900319
46423235
48921362
42005063
31165923
4218502
7091799
22225652
6552790
18323506
27602101
14027216
27873646
10677654
31254030
35313097
1964456
38163850
14938814
22422166
546429
605540
11350399
4078956
26748797
3398760
4670260
48743645
9373813
24645151
7635231
49035287
43399953
1122147
5735995
35640380
9807412
37683908
26622331
6217778
41666406
28877654
20998352
4114321
37092260
19017789
6734328
34283257
42594014
46160109
24401423
27292823
47480237
3508958
36554932
21270614
23462783
41452642
30025677
17460760
32441653
4217591
3655488
10752886
44106266
19486811
18119430
26996714
5083314
45692854
30627657
6626588
21503812
4999563
47135088
6603550
21443658
22963466
15541597
10014091
29226138
35965122
6677353
15164967
8244611
39895824
47120491
2021333
18332912
43566298
14011660
31099552
11643689
23210627
42076975
7342875
32510679
4963993
41140800
35252446
39571805
32668502
4363291
39457082
8700793
43253401
25586858
4191573
16645519
11120989
2062137
41599354
17260725
47877014
57814
18730619
48744916
23169813
25191751
33738454
16807915
43505858
40266042
21450720
2975243
19873484
26991834
48217084
33452028
45267089
20599581
31262167
2037877
9347642
40182266
27169571
38457112
18914090
3830585
29829712
48132704
35172761
14041238
13083085
29852831
39465448
31240803
9890736
38848170
30990540
22604206
33102698
48047094
27730766
12465463
28763276
9755315
45430132
39125329
40176869
39395346
10549737
439703
43119232
7878846
8257463
47164134
42928476
34006008
1580619
33677793
7473448
36212244
22335124
25774596
45949017
9932878
48582065
11253413
21464854
25703295
45250601
1786124
9281626
3629836
14560267
4460596
725011
13091301
26223068
36258707
35749203
31766789
68381
156159
29854605
408701
21678512
14833825
27926104
45239449
31385832
24287851
46628787
49706425
1041004
8360143
49832091
21703132
40584744
9932311
41542636
36738450
49358560
5785805
21517540
32021304
34163743
22947584
3494612
13725756
6117722
35175315
39869816
17571309
13315137
6474115
3547530
31052457
32509629
20739003
38531503
21705871
48419446
25891572
30752522
12900045
34496842
49295768
20843611
29663475
10034846
8308879
19757713
2768682
48607936
47924353
41545548
22291636
30299715
16530294
987463
45787092
8448419
8011022
29500221
2449569
34240551
25074239
28759795
23386546
25232398
9055620
42820930
40177689
2424272
33461206
37681979
4739398
33117777
7718068
41367255
27126455
32520122
27611447
22518634
19013277
10321872
12760768
14058610
35502641
9579096
38141174
37498912
48505593
37996698
47809149
42162420
16492819
18776409
16791832
3619485
8716940
26002489
36146985
47827199
19946502
20937108
46083268
12363457
25115245
27680631
26850756
44714592
15055349
37764820
47311893
10520384
28286558
10303411
12429279
35300034
6466571
16200943
23995323
4842337
12869667
2799321
15453827
2992244
18065115
14508468
12355211
27173226
21845565
19427522
36434727
44497784
28228757
44333726
21402659
44535351
27280869
14170119
25366548
34408990
18501501
29650898
40996192
43376817
18248061
2745451
21918762
10187113
28769497
47923261
829357
33893798
15232312
41805195
14448108
30598015
961954
48233081
44069719
876554
42663208
4705295
46724253
29396283
18786191
17826683
48591736
46369616
18346203
45430763
2224720
18748018
15121038
13986750
4012527
19305013
880588
21395865
37263943
43687163
31955355
641533
41936458
39762234
17340961
23249336
3150420
45719950
42039042
9983472
20181780
30601548
9148589
9028930
19019965
657756
16333312
41967349
23247835
49658023
38883129
39159892
15802357
11546473
47327390
9488216
42051064
10666504
38471661
16886394
49217925
29932738
32866041
16376067
12374045
7086025
11709652
26352151
24396251
45492022
31969667
35551859
29281004
16073280
26094145
35323929
21182029
11494815
25975864
41644048
3960621
30470660
31723433
7194359
42671591
21770975
13078783
4960000
47892745
47912957
16900152
12335997
31801206
6328411
36820886
35002651
26178463
28200796
26199123
11058428
47024866
42901446
40568322
45488300
46800951
13843991
21004440
14324829
25613965
11381432
40332181
13267435
30843397
9123782
21648284
42695112
34602289
30600616
22324361
5019313
43029698
45905414
49336224
34552913
42148059
22037694
23993966
47501935
22605215
7298833
39127382
40406046
35544090
49132308
33548550
28051452
4563540
25109998
10405217
37639479
8518586
47036494
7888641
39038565
39835713
2483307
40242836
10814418
34319976
37808673
6294089
49266184
23276284
49196518
46293970
38726815
46688221
24830740
9709389
7382299
20824680
14609190
43734699
23698743
26632627
40856793
3805466
37070149
46839603
39219455
46578791
18950498
47070996
47675679
18903355
48957847
35610120
626223
18662356
7178076
41884634
3671358
48978835
15878689
16938779
41557515
22188056
13352779
26600219
11188488
18907384
33623681
5670985
19314025
4885980
43455680
18496793
23068148
11088971
44427025
123412
17932979
47531407
25123713
15770731
47104370
7657279
2714769
28743264
35240494
25594631
39085665
566925
2546457
11164324
30989432
26254651
36850206
28979875
9299364
47898191
17579516
23901493
45884141
46785980
9463898
13265991
3071667
10933000
20347232
25892510
31329757
28103011
34257666
23293687
40571668
44375259
21217525
6411626
43514441
772951
4870506
2034330
1911512
16451050
37229823
41823302
33094243
43784484
48610212
29343982
40037724
8656556
44592037
21976523
4252131
32796429
16304372
41623730
38007449
40512159
44172803
7662024
48622614
25551083
46744597
19183848
29625119
11845361
10094375
5894747
36741250
37399797
40273906
44660620
12166170
38964517
44958890
49001671
613821
7408530
29958069
1196322
11893771
48749467
7790077
47813218
40624548
11689391
41326163
39015941
6253961
46117647
25675225
20553964
6285329
7474195
21862905
49893125
31145926
17810164
36517403
28656597
14806786
33780489
34294921
29922074
25347083
18713244
18738954
10013911
22718610
11480356
15685756
34984521
11127985
2572905
48904987
38874540
13449101
36322482
2482220
7450922
8188246
9507272
32001125
12341742
6345370
15838675
45895199
44115980
37545490
37104032
49384005
2657772
3955164
38828248
39152562
18017759
46485507
18393493
48985703
2592239
31416786
7728814
588277
43747654
27710841
44369288
49132140
38843364
45833414
48690921
29929117
31292294
43500215
35888732
11072414
18566088
41358138
29197087
6941424
21906070
4594480
49190068
47053361
4104238
49911392
4014263
39803597
17612593
24742531
13291751
47254207
5186842
38451205
17098672
5692999
46761253
11869544
39330154
2031802
38476456
34922655
14679296
32485579
42538608
25840709
32402299
25437189
22699201
43037791
26157944
47083981
47332984
31377900
35947075
16366985
6539636
13862812
40258532
10438843
36990484
9492877
9472067
16399950
11094111
41162094
12425851
31721611
19026192
31664068
19033642
44880217
22648446
49176961
8696749
47945698
32874665
8406631
37593638
33993597
40297012
49543460
19645357
41933871
14622513
49469192
19385433
960269
18816381
47856063
40424396
4546480
29333252
24133397
15152105
49572015
3099020
26781823
49736309
15447863
43961198
38591396
39628530
15909810
33870709
44913265
39491589
10907346
448700
40149940
11047257
2779336
29612025
24481910
44047935
21518390
11341882
10889949
25987376
13197545
21489601
33211668
13672970
32752872
27270093
10832069
8000668
28443006
10959965
7886179
44287408
43128264
5141711
25795969
14807411
21458257
25928337
15968009
33484011
40552172
39717006
22506159
36426485
26883777
3115093
40867230
14759432
18673210
40786458
20872626
6441312
5059927
46089532
39402557
34147881
10050404
17754729
9658619
9238842
45280438
7387385
31766444
16252934
5296574
16767964
27581674
9015988
23796930
14520735
4313150
28818432
23343335
13010139
32972794
2505501
20554072
25721802
29673067
23042924
13587757
16129877
30791547
18026552
9288409
45106238
28547271
1719857
4154389
28268367
28234385
11796325
32906736
33070202
6811500
31078493
25401945
25087206
33802211
6209281
5591630
40724447
4941379
3811173
15615137
38118893
36192536
3403014
44292482
38326224
27169999
33315729
23237377
33911776
45378794
44950857
7912956
13666093
933507
36276884
28753664
31952777
24009170
32585247
10799630
36580083
42295835
13934660
38144106
10266255
23583611
20738997
33796200
15192594
41970652
43260632
28950987
38336999
6910082
21122011
2089050
22083224
38310257
17128830
48731650
16009372
42891977
46580251
42748840
28446323
48334308
5094119
19450495
16873212
45470514
48083531
2039382
27530578
30997320
9056437
25410986
12566919
13653421
43406268
43807431
46522453
27527637
16151908
1139083
20023171
29387898
23197129
15848561
42207176
27284068
18536599
11513280
39839424
21288085
10828317
42993994
3455667
22181968
5019575
42268164
49157290
29455626
85474
